16	1	3	2303
16	1	1	781
16	0	16	2779
16	0	16	1683
16	1	1	1273
16	0	16	1617
16	0	16	1379
16	0	16	1153
16	1	13	2712
16	0	16	1235
16	1	4	1845
16	1	3	2504
16	0	16	549
16	0	16	2711
16	0	16	857
16	1	19	1308
16	1	17	827
16	0	16	446
16	0	16	1126
16	0	16	219
16	0	16	457
16	1	1	1329
16	1	3	2339
16	1	13	1049
16	0	16	1442
16	0	16	1816
16	0	16	1624
16	0	16	930
16	1	13	2953
16	0	16	85
16	0	16	569
16	1	13	61
16	1	3	439
16	1	3	1622
16	0	16	277
16	0	16	201
16	1	3	2477
16	0	16	1694
16	1	12	2253
16	0	16	692
16	1	4	1040
16	1	1	1252
16	0	16	979
16	0	16	884
16	0	16	1867
16	0	16	70
16	0	16	1405
16	1	1	72
16	1	13	653
16	1	1	1705
16	1	7	1093
16	1	3	1634
16	0	16	2619
16	1	1	918
16	1	3	2778
16	0	16	2552
16	0	16	9
16	0	16	1790
16	1	3	1647
16	1	14	1116
16	1	13	2292
16	1	19	2738
16	0	16	346
16	0	16	2229
16	1	19	706
16	0	16	1525
16	1	19	1490
16	1	3	2417
16	1	1	239
16	0	16	1804
16	0	16	2832
16	1	13	1365
16	0	16	2854
16	1	7	1128
16	0	16	226
16	1	13	459
16	0	16	926
16	1	4	1880
16	0	16	281
16	1	1	1887
16	1	13	1051
16	0	16	1378
16	0	16	2579
16	0	16	2408
16	1	1	1761
16	0	16	2001
16	1	3	2364
16	1	1	703
16	0	16	432
16	0	16	888
16	0	16	2507
16	1	4	860
16	1	3	2559
16	0	16	2377
16	0	16	1589
16	0	16	2081
16	1	4	1429
16	0	16	1631
16	1	3	438
16	0	16	550
16	1	19	722
16	0	16	1619
16	0	16	366
16	1	1	1483
16	0	16	1792
16	1	19	707
16	0	16	2412
16	1	3	2571
16	1	1	98
16	1	4	1532
16	0	16	2605
16	1	1	2617
16	1	12	2657
16	1	1	1589
16	1	3	2400
16	0	16	2268
16	0	16	764
16	0	16	2569
16	1	5	1183
16	1	13	465
16	1	13	2902
16	0	16	1411
16	0	16	2748
16	0	16	2831
16	1	13	2870
16	0	16	956
16	0	16	5
16	0	16	1264
16	0	16	1831
16	0	16	1103
16	0	16	2003
16	1	3	504
16	0	16	2437
16	0	16	1124
16	1	1	1820
16	0	16	940
16	0	16	14
16	0	16	2651
16	0	16	803
16	1	1	2970
16	0	16	1658
16	1	1	949
16	1	12	2350
16	0	16	746
16	0	16	1743
16	1	13	2285
16	1	4	1713
16	0	16	1995
16	0	16	1774
16	1	1	840
16	1	1	1255
16	1	1	2635
16	0	16	824
16	1	1	2202
16	0	16	444
16	0	16	1846
16	1	13	713
16	1	3	2506
16	0	16	2706
16	0	16	1107
16	1	4	539
16	1	1	789
16	0	16	1342
16	1	13	56
16	0	16	478
16	1	19	148
16	0	16	1647
16	1	8	1160
16	1	4	1981
16	1	17	2813
16	0	16	504
16	0	16	2974
16	0	16	832
16	1	1	1331
16	1	3	2808
16	0	16	512
16	0	16	2451
16	1	13	62
16	0	16	1951
16	1	13	2575
16	0	16	2324
16	1	19	2165
16	0	16	2798
16	0	16	2339
16	1	4	998
16	0	16	1904
16	1	1	944
16	0	16	910
16	1	1	810
16	0	16	777
16	1	3	1951
16	1	13	1053
16	0	16	99
16	1	1	1333
16	1	1	742
16	0	16	460
16	1	3	2330
16	1	1	1703
16	1	12	1220
16	1	4	3
16	0	16	1794
16	0	16	2625
16	0	16	725
16	0	16	2167
16	1	3	2369
16	1	3	2420
16	0	16	2572
16	0	16	1865
16	0	16	24
16	1	19	1574
16	0	16	676
16	1	19	1306
16	1	4	1990
16	1	13	2893
16	0	16	2970
16	1	17	826
16	0	16	1717
16	1	13	673
16	0	16	921
16	0	16	2584
16	0	16	781
16	1	8	1148
16	1	3	216
16	1	4	1816
16	0	16	2010
16	1	1	1246
16	0	16	1212
16	1	13	1587
16	1	13	1068
16	0	16	433
16	1	17	1676
16	0	16	1713
16	1	1	19
16	0	16	61
16	1	3	519
16	1	1	1507
16	0	16	819
16	0	16	1244
16	0	16	1298
16	0	16	1486
16	1	1	812
16	1	4	1530
16	0	16	430
16	0	16	894
16	1	3	1468
16	0	16	2186
16	1	1	905
16	0	16	1243
16	0	16	2741
16	1	4	2455
16	0	16	209
16	1	3	2415
16	0	16	2308
16	1	13	350
16	1	1	1406
16	1	1	2621
16	1	4	2456
16	1	3	2527
16	1	1	120
16	1	1	894
16	1	1	1042
16	1	1	1903
16	0	16	1826
16	0	16	1534
16	0	16	935
16	1	4	1718
16	1	4	1927
16	1	4	890
16	1	13	1050
16	1	1	1782
16	0	16	212
16	1	3	223
16	1	13	2711
16	0	16	1751
16	0	16	235
16	0	16	601
16	0	16	2905
16	1	13	140
16	1	1	1739
16	1	3	2451
16	0	16	1708
16	0	16	2566
16	1	1	786
16	1	8	1147
16	0	16	2043
16	0	16	1006
16	0	16	483
16	1	3	2556
16	1	4	1030
16	0	16	2055
16	0	16	1962
16	0	16	515
16	0	16	674
16	0	16	220
16	1	11	2821
16	1	1	904
16	1	3	501
16	1	1	1597
16	0	16	1517
16	0	16	193
16	0	16	1971
16	0	16	2504
16	1	13	2708
16	1	1	1262
16	1	4	780
16	0	16	2403
16	1	19	38
16	1	4	1930
16	0	16	2276
16	0	16	709
16	1	4	862
16	1	4	887
16	0	16	816
16	1	3	2525
16	0	16	1323
16	0	16	2051
16	1	3	2323
16	1	3	2543
16	1	1	808
16	0	16	994
16	1	1	1274
16	0	16	2774
16	1	3	2310
16	0	16	2176
16	1	4	252
16	0	16	213
16	0	16	1273
16	1	4	957
16	1	19	1572
16	0	16	616
16	0	16	2694
16	1	17	825
16	1	1	1753
16	0	16	625
16	0	16	1384
16	1	1	1318
16	0	16	418
16	1	13	740
16	0	16	789
16	1	4	2007
16	0	16	780
16	1	1	1751
16	0	16	1891
16	1	3	2495
16	0	16	2701
16	0	16	805
16	0	16	2865
16	0	16	15
16	0	16	13
16	0	16	665
16	0	16	2975
16	0	16	752
16	0	16	807
16	1	4	2030
16	0	16	424
16	0	16	1088
16	1	1	2849
16	0	16	2383
16	0	16	1607
16	0	16	2304
16	1	4	1036
16	0	16	1715
16	0	16	2301
16	0	16	1300
16	1	13	670
16	1	4	1983
16	1	13	134
16	0	16	2730
16	1	11	1216
16	1	1	297
16	0	16	466
16	1	3	1643
16	1	4	877
16	1	13	2682
16	1	13	1084
16	1	1	790
16	1	19	727
16	0	16	2674
16	0	16	798
16	1	8	1152
16	1	12	2274
16	1	4	976
16	1	1	1324
16	1	4	959
16	1	4	955
16	0	16	1162
16	1	4	1879
16	0	16	1758
16	0	16	948
16	0	16	971
16	0	16	1909
16	0	16	2044
16	0	16	689
16	0	16	323
16	0	16	1488
16	0	16	2634
16	0	16	1184
16	1	1	577
16	1	13	2199
16	0	16	467
16	0	16	2271
16	0	16	3
16	0	16	694
16	1	13	1381
16	0	16	1656
16	1	8	1157
16	1	19	130
16	1	3	2311
16	1	4	1922
16	0	16	1116
16	1	1	273
16	1	12	644
16	0	16	1435
16	0	16	2443
16	0	16	1970
16	1	13	2901
16	1	11	2822
16	0	16	1746
16	1	4	1932
16	1	19	725
16	1	3	1637
16	1	3	2785
16	1	1	564
16	0	16	1354
16	1	13	2898
16	1	1	1342
16	0	16	636
16	1	19	154
16	0	16	47
16	1	7	1165
16	1	13	646
16	1	3	2448
16	0	16	1725
16	0	16	215
16	1	13	2699
16	0	16	1677
16	0	16	310
16	0	16	381
16	1	1	1737
16	1	1	1254
16	0	16	1770
16	1	3	2488
16	1	1	299
16	1	6	1201
16	0	16	486
16	0	16	737
16	0	16	350
16	0	16	1457
16	1	13	1070
16	1	12	2662
16	0	16	1255
16	1	1	1762
16	0	16	1376
16	0	16	2223
16	1	1	820
16	0	16	2127
16	0	16	1897
16	1	3	2496
16	0	16	1745
16	1	13	711
16	1	3	2774
16	1	13	1059
16	1	19	42
16	0	16	1229
16	1	1	2184
16	0	16	291
16	0	16	254
16	0	16	352
16	1	19	356
16	1	12	2275
16	1	1	903
16	0	16	2313
16	0	16	2637
16	0	16	393
16	0	16	702
16	0	16	2861
16	0	16	711
16	1	1	1604
16	0	16	2190
16	1	4	530
16	0	16	273
16	0	16	882
16	0	16	1199
16	1	3	542
16	1	13	1069
16	1	19	1301
16	0	16	1075
16	1	1	950
16	0	16	231
16	0	16	2069
16	1	3	2236
16	0	16	1767
16	0	16	2091
16	0	16	542
16	1	4	2031
16	0	16	397
16	1	17	1967
16	0	16	1810
16	1	1	2863
16	1	3	2587
16	1	19	2170
16	0	16	1850
16	0	16	2014
16	0	16	2785
16	1	3	1636
16	1	1	794
16	0	16	202
16	0	16	1280
16	1	4	1430
16	0	16	1067
16	0	16	1086
16	0	16	1206
16	1	4	1938
16	0	16	679
16	1	13	2692
16	1	1	1524
16	1	1	696
16	1	5	1097
16	0	16	510
16	1	17	2838
16	0	16	1657
16	0	16	1519
16	0	16	1041
16	1	13	477
16	1	3	1651
16	0	16	842
16	1	13	2888
16	1	1	235
16	0	16	1769
16	0	16	1763
16	1	1	2097
16	0	16	2811
16	1	4	226
16	1	4	983
16	0	16	2518
16	1	1	1248
16	1	4	882
16	0	16	2653
16	1	1	1749
16	1	13	490
16	1	17	1971
16	1	1	298
16	0	16	2910
16	1	1	747
16	0	16	331
16	0	16	622
16	1	4	964
16	1	4	885
16	1	17	2650
16	1	19	1378
16	0	16	2188
16	0	16	1878
16	0	16	1089
16	0	16	600
16	0	16	2858
16	1	1	1045
16	1	1	1787
16	1	3	590
16	1	13	379
16	0	16	2665
16	1	1	2096
16	0	16	118
16	1	3	2383
16	1	17	1976
16	1	4	1527
16	0	16	1387
16	0	16	1161
16	0	16	2537
16	0	16	1186
16	1	4	1022
16	0	16	2226
16	0	16	1233
16	1	1	2631
16	1	1	1772
16	0	16	1923
16	1	7	1129
16	1	1	87
16	1	1	907
16	1	13	488
16	0	16	2414
16	1	14	1113
16	0	16	1833
16	0	16	800
16	0	16	421
16	0	16	89
16	0	16	1015
16	1	1	2118
16	1	1	2267
16	1	1	1785
16	1	4	538
16	1	13	2673
16	1	19	36
16	1	1	2857
16	0	16	6
16	0	16	2087
16	0	16	996
16	1	3	2541
16	0	16	2533
16	0	16	2821
16	1	1	2038
16	0	16	2209
16	1	12	2917
16	0	16	1287
16	0	16	2904
16	1	1	2247
16	0	16	2502
16	1	13	396
16	0	16	2440
16	1	1	2619
16	1	17	1679
16	1	1	1563
16	1	19	1578
16	1	13	2648
16	1	13	2880
16	1	4	1715
16	1	3	442
16	0	16	2647
16	1	1	86
16	0	16	607
16	1	1	308
16	0	16	1748
16	0	16	1636
16	1	1	1373
16	1	1	2730
16	0	16	2108
16	0	16	1882
16	1	7	1126
16	1	1	1564
16	0	16	2113
16	0	16	284
16	0	16	2134
16	0	16	1294
16	1	4	961
16	1	1	2969
16	1	3	2569
16	0	16	621
16	0	16	2847
16	1	3	2486
16	0	16	704
16	0	16	2519
16	0	16	854
16	1	13	380
16	1	13	662
16	1	13	1905
16	1	13	2681
16	1	13	1296
16	1	1	1898
16	0	16	1979
16	1	4	892
16	1	12	2546
16	1	1	912
16	1	5	1182
16	0	16	2857
16	0	16	1835
16	1	3	2471
16	1	19	146
16	0	16	663
16	0	16	2079
16	0	16	2462
16	0	16	558
16	1	1	1407
16	1	4	1919
16	1	17	2342
16	0	16	2562
16	0	16	1854
16	1	3	2553
16	0	16	1448
16	0	16	64
16	0	16	1801
16	0	16	2889
16	1	4	1914
16	1	3	2517
16	0	16	1326
16	0	16	2133
16	1	14	1111
16	1	1	752
16	0	16	72
16	1	1	2763
16	0	16	2510
16	0	16	1791
16	1	3	995
16	0	16	2646
16	0	16	1489
16	1	4	1806
16	0	16	1237
16	1	3	598
16	0	16	1567
16	0	16	1942
16	0	16	1919
16	0	16	197
16	0	16	1225
16	1	4	1809
16	0	16	980
16	1	3	2396
16	1	13	714
16	1	1	1601
16	0	16	938
16	0	16	2657
16	1	3	1658
16	1	1	2768
16	1	19	1580
16	0	16	855
16	1	1	162
16	1	3	521
16	1	4	1710
16	1	13	1462
16	0	16	133
16	1	3	499
16	1	1	2848
16	1	13	1346
16	0	16	2558
16	0	16	2117
16	1	4	1834
16	1	4	1015
16	0	16	1948
16	0	16	1497
16	0	16	791
16	1	1	2086
16	0	16	1365
16	1	4	253
16	0	16	2359
16	1	13	116
16	1	4	1929
16	0	16	1592
16	1	1	1044
16	1	11	2819
16	1	1	688
16	0	16	985
16	0	16	441
16	0	16	2142
16	1	12	2923
16	0	16	546
16	1	0	632
16	0	16	1998
16	1	8	988
16	1	13	2573
16	0	16	633
16	0	16	2413
16	0	16	183
16	0	16	1581
16	1	4	981
16	1	13	2289
16	1	17	834
16	1	4	176
16	1	4	1019
16	0	16	1061
16	1	1	2098
16	1	17	1966
16	1	13	1056
16	0	16	316
16	0	16	159
16	0	16	1377
16	0	16	623
16	1	13	2964
16	1	1	853
16	0	16	488
16	1	3	1630
16	0	16	1654
16	0	16	993
16	1	19	1298
16	0	16	2839
16	1	3	372
16	1	12	2946
16	1	1	702
16	1	1	793
16	1	3	2304
16	1	3	2312
16	1	3	1956
16	0	16	2717
16	1	4	535
16	0	16	905
16	1	1	286
16	0	16	1506
16	1	3	2435
16	1	19	2069
16	0	16	435
16	0	16	55
16	0	16	296
16	0	16	2395
16	1	3	592
16	0	16	2232
16	0	16	2139
16	1	3	2472
16	1	1	1774
16	1	4	1034
16	0	16	1258
16	0	16	2474
16	0	16	76
16	0	16	532
16	1	3	1437
16	1	12	2943
16	1	1	1827
16	1	8	1158
16	1	8	1141
16	0	16	810
16	0	16	2843
16	0	16	2094
16	0	16	1195
16	0	16	1306
16	0	16	1815
16	0	16	229
16	1	4	2021
16	1	1	1763
16	1	3	2805
16	1	1	1863
16	1	13	710
16	1	1	756
16	1	13	647
16	0	16	449
16	1	1	943
16	1	3	1080
16	1	1	698
16	1	1	1904
16	0	16	1529
16	0	16	1014
16	0	16	822
16	1	3	1632
16	0	16	1570
16	0	16	1464
16	1	1	1830
16	1	4	778
16	0	16	1281
16	1	13	660
16	0	16	496
16	1	7	1123
16	0	16	2429
16	1	3	1454
16	0	16	2529
16	1	13	1224
16	0	16	2446
16	1	4	1628
16	0	16	2283
16	0	16	2199
16	1	3	1638
16	0	16	2745
16	0	16	2868
16	1	13	2666
16	1	3	606
16	1	3	1077
16	0	16	56
16	1	13	2885
16	0	16	2618
16	1	19	47
16	0	16	1102
16	1	3	208
16	1	17	1965
16	0	16	2497
16	1	1	1613
16	1	3	437
16	0	16	997
16	0	16	2046
16	1	1	1357
16	0	16	1744
16	1	1	690
16	0	16	1218
16	0	16	788
16	1	2	2973
16	1	1	2145
16	0	16	1618
16	0	16	123
16	0	16	502
16	0	16	1564
16	1	3	2414
16	0	16	2195
16	1	3	2588
16	1	1	1794
16	0	16	1612
16	1	1	565
16	1	1	1239
16	1	3	994
16	1	19	2167
16	1	1	855
16	1	13	2574
16	1	13	2677
16	1	3	2537
16	0	16	2598
16	1	3	2554
16	0	16	71
16	0	16	989
16	1	4	962
16	0	16	1117
16	1	12	2272
16	1	19	35
16	1	4	513
16	0	16	400
16	1	4	258
16	0	16	965
16	1	3	2531
16	0	16	2963
16	0	16	1996
16	0	16	1101
16	1	1	562
16	1	13	349
16	1	3	1948
16	1	3	2533
16	0	16	2914
16	0	16	2628
16	1	1	578
16	0	16	198
16	1	3	1662
16	1	1	1558
16	1	17	828
16	1	1	893
16	0	16	723
16	1	3	2463
16	0	16	2913
16	1	13	732
16	0	16	1412
16	0	16	1395
16	0	16	2017
16	1	13	290
16	1	1	2208
16	0	16	1302
16	0	16	950
16	1	4	1894
16	0	16	784
16	1	13	1399
16	0	16	1272
16	0	16	2373
16	0	16	2275
16	1	1	749
16	0	16	1147
16	0	16	1309
16	0	16	320
16	1	13	1443
16	1	3	2590
16	0	16	12
16	1	1	294
16	0	16	2310
16	0	16	1678
16	0	16	580
16	0	16	1307
16	1	3	411
16	0	16	2302
16	1	4	255
16	1	3	1440
16	0	16	1274
16	1	19	39
16	0	16	38
16	1	19	1279
16	0	16	1065
16	0	16	2712
16	1	1	287
16	0	16	2174
16	0	16	368
16	0	16	1806
16	0	16	1805
16	1	4	2008
16	1	1	839
16	0	16	2189
16	0	16	2002
16	0	16	2103
16	1	1	2195
16	1	4	2034
16	0	16	2789
16	1	3	2802
16	0	16	307
16	0	16	585
16	0	16	2022
16	0	16	1099
16	1	1	262
16	1	19	159
16	1	13	376
16	1	17	1677
16	0	16	224
16	0	16	451
16	1	1	1738
16	1	3	2186
16	0	16	104
16	1	1	1261
16	1	3	1668
16	1	1	1495
16	1	19	155
16	1	13	101
16	1	11	2824
16	1	13	2746
16	1	4	533
16	1	19	57
16	1	3	447
16	1	4	851
16	0	16	2118
16	0	16	1420
16	1	1	319
16	0	16	1372
16	0	16	1447
16	1	13	1512
16	1	4	888
16	0	16	477
16	1	19	2258
16	1	4	2457
16	0	16	1254
16	0	16	1768
16	0	16	2295
16	1	3	526
16	0	16	2902
16	1	1	2629
16	0	16	1083
16	0	16	2573
16	1	4	757
16	0	16	565
16	1	4	181
16	0	16	18
16	0	16	11
16	0	16	686
16	0	16	2184
16	0	16	96
16	1	4	2020
16	1	19	2072
16	1	3	2462
16	1	1	1611
16	0	16	2816
16	1	13	52
16	1	4	2239
16	0	16	2371
16	1	3	2597
16	1	12	2921
16	0	16	865
16	0	16	1467
16	0	16	1409
16	0	16	2350
16	1	19	160
16	0	16	2663
16	0	16	1776
16	1	1	2083
16	1	3	502
16	0	16	2057
16	1	3	500
16	0	16	2328
16	0	16	2526
16	0	16	1084
16	0	16	245
16	1	17	718
16	1	13	483
16	1	13	2128
16	0	16	734
16	1	1	2100
16	1	1	1795
16	1	4	841
16	0	16	898
16	0	16	770
16	0	16	1676
16	1	1	2144
16	1	3	2425
16	0	16	1809
16	1	1	331
16	1	7	1172
16	1	3	1635
16	1	3	2475
16	1	19	46
16	1	3	368
16	0	16	458
16	1	1	2721
16	1	13	2895
16	0	16	108
16	0	16	266
16	0	16	2542
16	0	16	2470
16	1	13	1480
16	0	16	2128
16	1	4	958
16	1	1	2207
16	0	16	501
16	0	16	313
16	1	19	2757
16	0	16	1950
16	1	4	173
16	1	19	1387
16	1	13	2959
16	0	16	1297
16	1	19	153
16	0	16	1026
16	0	16	265
16	1	4	891
16	1	1	1767
16	1	3	429
16	0	16	2698
16	0	16	442
16	0	16	1633
16	0	16	1178
16	0	16	1686
16	0	16	2797
16	0	16	1437
16	0	16	2500
16	1	13	2710
16	0	16	341
16	0	16	185
16	0	16	2166
16	0	16	1030
16	0	16	239
16	1	3	608
16	0	16	2402
16	0	16	2378
16	0	16	142
16	1	3	599
16	0	16	955
16	1	1	2116
16	1	1	329
16	0	16	1837
16	0	16	1105
16	0	16	249
16	1	1	2114
16	1	1	2890
16	0	16	58
16	0	16	581
16	1	3	2295
16	1	1	1371
16	1	3	2485
16	0	16	1175
16	1	4	2035
16	1	1	1513
16	0	16	552
16	0	16	1477
16	1	4	1021
16	0	16	2250
16	0	16	2381
16	0	16	2844
16	0	16	631
16	1	1	1535
16	1	3	1623
16	1	1	26
16	1	3	1455
16	1	13	1285
16	0	16	1986
16	1	19	1282
16	0	16	358
16	0	16	797
16	1	13	2644
16	0	16	2287
16	1	5	1200
16	1	13	2198
16	1	4	1688
16	1	1	1788
16	0	16	2590
16	0	16	2461
16	1	4	1982
16	0	16	766
16	1	19	32
16	0	16	1509
16	1	19	48
16	0	16	1623
16	1	3	424
16	1	1	2770
16	1	3	2385
16	1	4	1850
16	0	16	2952
16	1	4	1003
16	0	16	514
16	1	1	2725
16	1	13	472
16	1	1	2143
16	1	3	2307
16	1	8	1153
16	1	4	536
16	1	3	2807
16	0	16	2450
16	0	16	1703
16	0	16	455
16	1	13	397
16	0	16	1650
16	1	4	984
16	0	16	1640
16	0	16	2540
16	0	16	2208
16	1	3	2395
16	1	12	2947
16	1	3	448
16	1	13	1294
16	0	16	51
16	0	16	2006
16	0	16	912
16	1	1	567
16	0	16	2169
16	1	4	858
16	1	13	2955
16	0	16	2887
16	0	16	2513
16	0	16	1871
16	0	16	779
16	0	16	1010
16	0	16	2338
16	0	16	776
16	0	16	2825
16	1	1	1537
16	0	16	1557
16	0	16	564
16	1	3	1942
16	1	9	611
16	0	16	454
16	1	3	2558
16	1	3	2326
16	0	16	453
16	1	1	1728
16	0	16	1560
16	0	16	1495
16	0	16	1925
16	1	4	977
16	0	16	1916
16	0	16	2503
16	0	16	1548
16	0	16	714
16	0	16	2442
16	0	16	330
16	1	4	1808
16	0	16	2709
16	0	16	152
16	1	13	2063
16	1	4	1852
16	1	5	1086
16	0	16	2140
16	1	13	114
16	1	17	2829
16	1	3	2792
16	1	1	1520
16	1	17	2815
16	1	3	2470
16	0	16	80
16	0	16	1778
16	1	4	540
16	0	16	2606
16	0	16	22
16	1	3	2487
16	1	3	1666
16	1	1	682
16	1	4	1032
16	0	16	2237
16	1	13	458
16	0	16	801
16	0	16	167
16	1	3	2449
16	1	1	559
16	0	16	774
16	0	16	2917
16	1	19	67
16	0	16	2760
16	1	1	687
16	1	1	2628
16	1	3	2783
16	0	16	2161
16	0	16	353
16	0	16	1333
16	0	16	644
16	1	1	744
16	0	16	2746
16	0	16	1074
16	0	16	2318
16	1	1	2722
16	1	3	1947
16	1	13	676
16	0	16	937
16	1	1	2141
16	1	4	193
16	1	4	852
16	1	1	1358
16	1	1	785
16	0	16	1785
16	1	4	1933
16	1	3	601
16	1	1	1402
16	0	16	2004
16	0	16	2334
16	0	16	2920
16	1	1	566
16	1	17	1670
16	0	16	1884
16	0	16	2398
16	0	16	1253
16	1	1	427
16	0	16	1980
16	1	3	2432
16	1	19	2734
16	0	16	1594
16	0	16	1407
16	1	5	1187
16	1	1	302
16	1	12	2349
16	1	13	1910
16	0	16	1236
16	0	16	21
16	1	10	622
16	0	16	1782
16	1	13	1058
16	1	3	2188
16	0	16	1671
16	0	16	77
16	0	16	17
16	0	16	1606
16	1	3	404
16	1	13	657
16	1	4	768
16	1	13	375
16	0	16	2210
16	1	3	1451
16	0	16	773
16	0	16	182
16	0	16	1246
16	0	16	1957
16	0	16	2154
16	0	16	1385
16	1	19	1567
16	0	16	300
16	1	1	1696
16	1	3	596
16	1	19	141
16	0	16	2085
16	1	17	2839
16	0	16	2827
16	1	13	1584
16	0	16	1097
16	0	16	574
16	0	16	1949
16	0	16	2493
16	1	1	1786
16	1	19	144
16	0	16	745
16	0	16	506
16	0	16	2407
16	0	16	1553
16	1	3	2361
16	0	16	255
16	1	17	2649
16	1	3	2302
16	1	1	896
16	0	16	411
16	0	16	2627
16	1	3	2510
16	1	12	2920
16	0	16	1329
16	1	3	597
16	0	16	35
16	1	3	1639
16	0	16	1939
16	1	13	1225
16	1	4	1
16	1	13	2284
16	1	8	1145
16	1	19	142
16	0	16	1862
16	1	1	2244
16	0	16	2472
16	0	16	2225
16	0	16	1616
16	0	16	2506
16	1	13	664
16	0	16	2107
16	0	16	2703
16	1	13	1908
16	0	16	990
16	0	16	2792
16	1	3	2784
16	0	16	2148
16	0	16	896
16	0	16	1276
16	1	1	280
16	1	10	618
16	0	16	1955
16	1	13	2903
16	0	16	1682
16	1	3	2217
16	0	16	2943
16	1	19	2058
16	1	3	2586
16	0	16	1812
16	0	16	952
16	1	3	2347
16	1	1	325
16	0	16	383
16	1	3	2523
16	1	4	1848
16	1	1	576
16	1	1	2183
16	0	16	651
16	1	4	1010
16	1	1	234
16	0	16	482
16	0	16	995
16	0	16	2806
16	1	4	2024
16	0	16	1204
16	1	1	2246
16	1	13	2745
16	1	1	575
16	0	16	416
16	1	19	2263
16	0	16	2206
16	0	16	2435
16	0	16	590
16	0	16	802
16	1	19	34
16	1	1	549
16	1	1	107
16	1	3	591
16	1	17	836
16	1	3	2796
16	1	3	213
16	1	13	2131
16	1	3	430
16	0	16	2194
16	0	16	1958
16	1	3	2800
16	1	1	1860
16	0	16	562
16	0	16	866
16	0	16	178
16	0	16	31
16	0	16	2027
16	0	16	869
16	0	16	976
16	0	16	560
16	1	4	2028
16	0	16	527
16	1	1	2845
16	0	16	1478
16	1	13	462
16	0	16	1423
16	1	5	1100
16	0	16	1771
16	0	16	1299
16	0	16	234
16	1	13	2045
16	1	5	1188
16	0	16	1596
16	0	16	286
16	1	3	370
16	1	12	2926
16	0	16	1445
16	1	13	1348
16	1	3	2499
16	1	4	179
16	1	4	1686
16	1	4	1923
16	1	1	1403
16	0	16	1632
16	1	1	819
16	0	16	2601
16	1	1	935
16	0	16	257
16	1	1	2089
16	0	16	2546
16	0	16	566
16	0	16	1991
16	0	16	2886
16	0	16	271
16	1	1	2889
16	0	16	1148
16	0	16	540
16	0	16	1577
16	0	16	1521
16	1	4	1432
16	0	16	2351
16	0	16	577
16	0	16	1843
16	0	16	911
16	0	16	2152
16	0	16	693
16	1	3	2327
16	1	3	2812
16	1	5	992
16	0	16	757
16	1	19	65
16	1	3	2386
16	1	9	1211
16	0	16	2471
16	1	3	2337
16	0	16	2539
16	0	16	1479
16	0	16	2326
16	0	16	1498
16	0	16	1100
16	0	16	1944
16	1	3	2297
16	0	16	415
16	1	17	1979
16	0	16	1363
16	0	16	786
16	0	16	365
16	1	1	1825
16	0	16	922
16	1	1	816
16	0	16	1027
16	1	13	54
16	1	1	1725
16	0	16	2884
16	0	16	60
16	1	19	2071
16	1	1	1556
16	1	3	584
16	1	4	2026
16	0	16	1856
16	0	16	1710
16	0	16	2058
16	0	16	1381
16	0	16	1966
16	0	16	2280
16	0	16	2927
16	0	16	2878
16	0	16	1723
16	1	1	2242
16	1	12	2942
16	1	3	1955
16	0	16	931
16	0	16	2530
16	0	16	2852
16	0	16	1209
16	0	16	1011
16	0	16	1943
16	0	16	2409
16	0	16	925
16	1	13	1906
16	1	1	2632
16	0	16	881
16	0	16	2751
16	1	13	2702
16	1	13	733
16	1	9	613
16	0	16	2492
16	0	16	2686
16	0	16	793
16	0	16	727
16	1	13	468
16	0	16	267
16	1	4	1815
16	1	1	270
16	1	4	1889
16	1	13	2881
16	0	16	384
16	1	12	2930
16	0	16	877
16	0	16	88
16	1	2	2974
16	1	3	2534
16	1	4	771
16	1	3	2299
16	0	16	2682
16	0	16	1401
16	1	19	2168
16	1	1	804
16	0	16	2944
16	0	16	909
16	0	16	2394
16	1	12	2933
16	0	16	2331
16	0	16	1994
16	0	16	1828
16	0	16	2578
16	1	17	1978
16	1	12	2915
16	0	16	868
16	0	16	1009
16	1	1	751
16	0	16	1416
16	1	1	2201
16	0	16	1496
16	1	3	2498
16	1	1	110
16	1	1	1754
16	1	1	1522
16	1	3	2468
16	0	16	719
16	0	16	1985
16	0	16	293
16	1	1	121
16	1	3	2413
16	1	1	1267
16	0	16	2468
16	1	13	2068
16	0	16	2473
16	0	16	2726
16	0	16	2389
16	0	16	602
16	1	1	2039
16	0	16	461
16	0	16	2198
16	1	12	2277
16	1	13	2884
16	0	16	923
16	1	3	2447
16	1	13	2067
16	1	13	2874
16	1	17	1470
16	0	16	1789
16	0	16	557
16	0	16	304
16	0	16	517
16	1	1	932
16	0	16	2426
16	1	1	818
16	0	16	2772
16	1	1	1900
16	1	7	1176
16	1	1	684
16	0	16	1402
16	0	16	398
16	0	16	292
16	0	16	2282
16	1	4	1997
16	1	12	2941
16	0	16	1397
16	0	16	1825
16	0	16	1429
16	0	16	309
16	1	3	2776
16	1	18	970
16	1	9	1205
16	1	1	1559
16	0	16	2102
16	0	16	588
16	1	4	869
16	1	1	13
16	1	13	649
16	0	16	1821
16	1	1	2050
16	0	16	1394
16	1	3	2336
16	0	16	1487
16	1	13	1057
16	1	3	2402
16	1	1	1339
16	1	1	900
16	0	16	2185
16	0	16	927
16	0	16	792
16	0	16	1465
16	1	1	2634
16	1	4	767
16	0	16	1905
16	0	16	2034
16	0	16	2801
16	0	16	1721
16	0	16	519
16	0	16	949
16	0	16	1824
16	1	14	1114
16	0	16	67
16	0	16	2396
16	0	16	804
16	0	16	647
16	0	16	2631
16	0	16	345
16	0	16	1646
16	1	1	1757
16	1	13	381
16	0	16	1213
16	0	16	187
16	0	16	2509
16	0	16	1051
16	1	13	491
16	0	16	2769
16	0	16	587
16	0	16	0
16	1	3	586
16	0	16	1062
16	0	16	1910
16	0	16	669
16	1	1	73
16	1	1	1372
16	0	16	232
16	1	13	1441
16	0	16	579
16	1	1	2153
16	0	16	2708
16	1	13	2602
16	1	13	735
16	1	4	1846
16	1	13	1054
16	1	19	355
16	1	4	1935
16	1	1	2181
16	1	1	557
16	0	16	1988
16	1	1	2099
16	0	16	756
16	1	12	2252
16	1	13	466
16	0	16	890
16	0	16	2120
16	1	3	2538
16	1	1	2194
16	0	16	618
16	1	4	514
16	1	8	1146
16	1	1	555
16	0	16	2267
16	1	1	1600
16	1	7	1173
16	0	16	1396
16	0	16	86
16	1	4	859
16	1	3	2594
16	0	16	724
16	0	16	328
16	0	16	2349
16	0	16	2178
16	0	16	498
16	0	16	1918
16	0	16	115
16	1	13	1912
16	1	1	123
16	0	16	156
16	1	7	1140
16	0	16	1426
16	0	16	1360
16	1	4	2004
16	0	16	1883
16	0	16	528
16	0	16	2406
16	0	16	1975
16	1	3	2346
16	1	3	2519
16	1	3	2357
16	0	16	1674
16	0	16	1644
16	1	13	384
16	1	13	654
16	1	1	2215
16	0	16	1345
16	0	16	841
16	1	13	1052
16	0	16	2649
16	1	3	541
16	1	3	364
16	1	1	1758
16	1	3	1843
16	0	16	2084
16	1	3	2552
16	0	16	497
16	0	16	2942
16	1	13	2866
16	1	4	966
16	0	16	2937
16	1	1	1796
16	0	16	1428
16	1	13	395
16	0	16	1151
16	1	3	453
16	0	16	1954
16	1	13	2197
16	1	14	1104
16	1	3	2370
16	0	16	1362
16	1	1	1779
16	0	16	861
16	1	3	2338
16	1	15	1162
16	0	16	2365
16	1	12	2356
16	0	16	1215
16	1	1	17
16	1	1	119
16	1	3	2298
16	0	16	1475
16	1	3	2433
16	0	16	1645
16	0	16	1073
16	0	16	1752
16	1	3	2497
16	1	14	1120
16	1	3	2507
16	1	4	978
16	0	16	2119
16	1	13	2637
16	1	13	496
16	0	16	867
16	0	16	2455
16	0	16	426
16	0	16	329
16	1	12	2927
16	1	3	2331
16	0	16	1079
16	1	13	2906
16	0	16	1822
16	0	16	1765
16	1	3	595
16	1	19	2740
16	1	4	225
16	1	1	1780
16	0	16	1972
16	0	16	2689
16	0	16	404
16	0	16	2281
16	1	4	774
16	0	16	2410
16	0	16	1164
16	1	1	2103
16	1	19	640
16	0	16	1359
16	0	16	2521
16	1	13	2642
16	0	16	2880
16	0	16	973
16	1	3	2593
16	0	16	1430
16	0	16	34
16	1	3	1453
16	0	16	2559
16	1	1	2856
16	1	1	2175
16	1	3	1438
16	1	1	128
16	1	3	2476
16	1	13	1542
16	1	4	762
16	1	1	1619
16	1	1	1615
16	1	1	930
16	1	1	2084
16	1	1	307
16	1	17	2841
16	1	3	2318
16	1	19	1303
16	1	13	2686
16	0	16	1311
16	0	16	2480
16	1	17	2343
16	0	16	1514
16	1	13	1586
16	0	16	2162
16	1	1	118
16	1	3	2787
16	1	3	996
16	0	16	1733
16	1	3	2374
16	0	16	2182
16	1	4	4
16	1	1	310
16	1	17	2814
16	1	1	1423
16	0	16	321
16	0	16	1641
16	0	16	2830
16	0	16	190
16	1	1	1881
16	0	16	283
16	0	16	52
16	1	1	1364
16	1	13	2137
16	1	4	1476
16	0	16	654
16	0	16	978
16	0	16	1720
16	1	3	2565
16	1	3	207
16	1	1	1360
16	1	12	2276
16	1	1	2205
16	1	4	1810
16	0	16	413
16	1	13	1585
16	0	16	1586
16	1	13	1681
16	0	16	1451
16	0	16	2126
16	1	12	2911
16	0	16	1638
16	1	3	1945
16	0	16	2848
16	0	16	892
16	1	4	2033
16	1	1	1607
16	1	4	2006
16	0	16	1270
16	1	17	1678
16	0	16	1875
16	1	1	934
16	1	13	2882
16	0	16	1028
16	1	1	1317
16	0	16	2716
16	1	1	686
16	0	16	495
16	0	16	1174
16	1	3	2423
16	1	3	2521
16	0	16	162
16	0	16	2112
16	0	16	1361
16	0	16	2638
16	1	3	456
16	0	16	871
16	1	12	2547
16	1	3	2515
16	1	4	177
16	1	1	1549
16	0	16	1315
16	1	3	2360
16	0	16	207
16	1	13	1230
16	1	4	1823
16	1	8	1154
16	0	16	2727
16	0	16	2037
16	0	16	143
16	1	1	28
16	0	16	2465
16	0	16	263
16	0	16	750
16	1	1	1775
16	0	16	2644
16	1	19	43
16	1	1	344
16	1	7	1124
16	1	1	2204
16	1	17	2827
16	0	16	1080
16	1	3	2777
16	1	13	2747
16	1	3	408
16	1	4	1805
16	1	4	1824
16	1	1	2611
16	1	1	1694
16	1	3	2362
16	1	4	2023
16	1	1	1551
16	0	16	2969
16	0	16	1968
16	0	16	2602
16	1	1	1488
16	0	16	964
16	1	1	1793
16	0	16	1542
16	0	16	1038
16	0	16	112
16	0	16	1591
16	0	16	1226
16	0	16	1890
16	0	16	217
16	1	3	2418
16	1	3	2406
16	0	16	1840
16	0	16	768
16	1	12	2663
16	0	16	2728
16	1	13	2054
16	1	13	2873
16	0	16	2702
16	0	16	2545
16	0	16	2543
16	1	1	2085
16	1	3	2443
16	1	1	928
16	1	19	1379
16	1	1	1730
16	0	16	715
16	1	13	1478
16	0	16	1563
16	0	16	2294
16	1	1	425
16	0	16	2555
16	0	16	1296
16	0	16	508
16	0	16	2145
16	1	19	1573
16	1	1	813
16	1	4	183
16	1	3	2306
16	1	13	486
16	0	16	2258
16	0	16	536
16	0	16	660
16	1	3	2526
16	1	4	1913
16	1	19	2161
16	0	16	1493
16	1	1	941
16	1	13	351
16	1	3	365
16	0	16	2916
16	0	16	1005
16	0	16	2106
16	1	1	1270
16	1	1	942
16	1	12	2913
16	1	13	2601
16	0	16	2064
16	0	16	1620
16	1	1	296
16	1	19	2158
16	1	1	2765
16	0	16	2633
16	1	1	796
16	0	16	1347
16	1	1	1884
16	0	16	274
16	1	1	2724
16	1	13	137
16	0	16	1256
16	0	16	733
16	0	16	2699
16	1	4	861
16	1	1	1533
16	0	16	2265
16	1	17	821
16	1	7	1189
16	0	16	153
16	1	13	1072
16	1	1	1596
16	1	1	2149
16	0	16	2704
16	0	16	2524
16	0	16	2444
16	0	16	2101
16	1	13	386
16	1	1	1493
16	0	16	1756
16	0	16	1110
16	1	1	1829
16	1	11	2823
16	0	16	1693
16	1	3	602
16	1	1	263
16	0	16	409
16	1	3	1448
16	1	12	2658
16	1	1	2620
16	0	16	2534
16	1	3	2549
16	0	16	312
16	1	14	1105
16	0	16	211
16	1	1	1028
16	1	1	281
16	0	16	1622
16	1	13	1690
16	0	16	1808
16	0	16	1211
16	0	16	1547
16	1	1	266
16	1	1	1706
16	1	1	854
16	1	1	2265
16	0	16	2289
16	0	16	238
16	0	16	389
16	1	1	939
16	0	16	2800
16	1	3	2227
16	0	16	2849
16	1	19	2742
16	0	16	1691
16	0	16	354
16	1	1	1817
16	0	16	233
16	1	1	1505
16	0	16	1149
16	1	3	2436
16	1	1	2176
16	0	16	1189
16	1	1	571
16	1	13	677
16	1	1	1516
16	1	1	1424
16	1	1	1501
16	1	13	469
16	1	13	2705
16	1	4	196
16	1	1	805
16	0	16	1472
16	1	19	2755
16	1	4	184
16	0	16	1325
16	0	16	2233
16	0	16	2564
16	0	16	1999
16	0	16	2072
16	1	19	1492
16	0	16	1857
16	1	1	951
16	0	16	1040
16	1	1	127
16	1	3	2789
16	1	3	2535
16	0	16	649
16	1	1	806
16	1	13	2643
16	1	13	1692
16	0	16	223
16	1	17	1675
16	1	13	489
16	1	1	1241
16	0	16	1106
16	0	16	419
16	1	13	2062
16	1	19	638
16	0	16	2240
16	1	4	1625
16	0	16	1737
16	0	16	2405
16	1	1	1251
16	0	16	169
16	0	16	2960
16	1	1	745
16	1	1	336
16	1	1	1766
16	0	16	2669
16	0	16	568
16	1	1	782
16	1	15	1163
16	0	16	1425
16	0	16	2522
16	0	16	1122
16	1	1	2846
16	0	16	2368
16	1	1	168
16	1	1	14
16	0	16	1012
16	1	4	2036
16	0	16	261
16	0	16	675
16	0	16	722
16	1	1	165
16	1	4	1531
16	1	13	480
16	1	13	1394
16	1	1	240
16	0	16	2050
16	0	16	1093
16	0	16	168
16	1	1	2771
16	0	16	2790
16	1	13	1682
16	1	3	412
16	1	3	206
16	1	4	1723
16	0	16	2658
16	0	16	305
16	0	16	2750
16	1	1	697
16	1	9	1208
16	1	19	151
16	1	4	1804
16	1	4	172
16	1	19	30
16	0	16	1861
16	1	1	244
16	1	1	2971
16	0	16	1851
16	1	1	237
16	0	16	2130
16	0	16	2277
16	1	4	1921
16	0	16	639
16	0	16	165
16	1	7	1134
16	0	16	637
16	0	16	1275
16	1	1	1236
16	1	3	2228
16	1	1	2151
16	1	13	49
16	1	1	2245
16	1	3	2583
16	1	3	415
16	0	16	297
16	1	1	2173
16	1	3	2365
16	0	16	128
16	0	16	1787
16	0	16	1453
16	1	4	1528
16	1	1	1235
16	0	16	2095
16	0	16	2341
16	0	16	1443
16	0	16	2417
16	1	1	269
16	1	13	2613
16	1	3	1659
16	1	19	2162
16	0	16	1228
16	1	1	1523
16	0	16	92
16	1	13	1581
16	1	3	2467
16	0	16	138
16	1	1	1508
16	1	1	1417
16	0	16	171
16	1	13	2697
16	0	16	2820
16	0	16	1522
16	0	16	1885
16	1	1	1755
16	0	16	638
16	0	16	2077
16	0	16	2891
16	1	3	2363
16	1	4	1984
16	1	3	2489
16	1	1	1497
16	0	16	84
16	1	4	1991
16	1	13	2695
16	0	16	525
16	0	16	1643
16	0	16	2517
16	1	5	991
16	0	16	1930
16	0	16	1232
16	0	16	349
16	0	16	2354
16	1	5	1091
16	1	4	178
16	1	3	593
16	1	13	2905
16	1	13	391
16	1	13	2288
16	0	16	302
16	0	16	1932
16	0	16	94
16	1	1	305
16	0	16	635
16	1	3	2452
16	0	16	541
16	0	16	1755
16	0	16	2929
16	1	1	1561
16	1	14	1103
16	1	3	2234
16	0	16	2321
16	0	16	2763
16	0	16	1386
16	1	12	625
16	1	12	2918
16	0	16	513
16	0	16	1788
16	1	4	245
16	0	16	1145
16	0	16	1698
16	0	16	961
16	0	16	642
16	0	16	39
16	1	3	2492
16	1	3	2322
16	1	9	609
16	0	16	1947
16	0	16	1562
16	1	3	2442
16	1	1	551
16	1	13	2046
16	1	13	53
16	1	1	326
16	1	13	1382
16	1	3	1074
16	1	3	2781
16	1	4	1937
16	0	16	2028
16	0	16	864
16	0	16	420
16	0	16	2786
16	0	16	1319
16	1	3	1450
16	1	3	2551
16	1	1	1271
16	0	16	1346
16	1	3	2585
16	1	4	1687
16	0	16	2191
16	0	16	1076
16	0	16	2352
16	0	16	1057
16	0	16	2255
16	0	16	1527
16	0	16	2597
16	0	16	526
16	0	16	1538
16	1	19	2741
16	1	19	2172
16	1	1	558
16	1	1	1405
16	1	3	2582
16	0	16	915
16	0	16	218
16	0	16	1907
16	0	16	2116
16	0	16	2962
16	0	16	1773
16	0	16	436
16	0	16	1663
16	1	3	2483
16	1	4	843
16	0	16	2144
16	0	16	2156
16	0	16	2972
16	1	19	40
16	0	16	1152
16	0	16	2804
16	0	16	537
16	0	16	1974
16	0	16	518
16	0	16	1327
16	1	4	185
16	0	16	900
16	0	16	2834
16	0	16	1431
16	1	13	50
16	0	16	813
16	0	16	2231
16	1	3	1465
16	1	13	400
16	0	16	2949
16	0	16	27
16	0	16	1242
16	0	16	2299
16	0	16	1662
16	1	19	1283
16	1	1	69
16	0	16	1900
16	0	16	505
16	1	4	259
16	0	16	437
16	0	16	280
16	1	3	2379
16	1	1	242
16	1	1	1335
16	1	3	1660
16	0	16	2931
16	0	16	2900
16	1	5	1198
16	0	16	2583
16	0	16	2673
16	1	3	2403
16	0	16	1137
16	1	3	2561
16	1	3	2382
16	0	16	154
16	0	16	2838
16	1	17	2840
16	1	4	1719
16	0	16	2624
16	1	1	1745
16	0	16	2125
16	0	16	2535
16	1	3	522
16	0	16	2177
16	0	16	1008
16	1	9	612
16	0	16	1588
16	1	3	1655
16	1	3	1629
16	1	1	2203
16	1	13	2290
16	1	1	2727
16	0	16	2335
16	1	1	2117
16	1	1	300
16	0	16	1025
16	0	16	1722
16	1	1	1599
16	1	3	211
16	0	16	2076
16	0	16	1604
16	1	1	279
16	0	16	1578
16	1	3	2226
16	1	1	1555
16	1	1	1707
16	0	16	567
16	0	16	2330
16	1	3	2294
16	1	3	366
16	0	16	729
16	0	16	553
16	1	1	936
16	1	14	1109
16	0	16	2433
16	1	17	822
16	1	1	1553
16	0	16	1019
16	1	12	641
16	1	3	455
16	0	16	492
16	0	16	2242
16	0	16	2244
16	0	16	494
16	0	16	1869
16	1	1	1323
16	0	16	256
16	1	1	314
16	0	16	1191
16	1	4	2014
16	1	1	83
16	1	13	470
16	1	1	807
16	1	13	2865
16	0	16	2603
16	1	13	729
16	0	16	474
16	1	13	2669
16	0	16	646
16	0	16	2897
16	0	16	1257
16	1	4	999
16	0	16	2725
16	0	16	889
16	0	16	1449
16	1	1	1355
16	0	16	1797
16	0	16	1709
16	0	16	1965
16	1	3	2424
16	1	12	2273
16	1	13	1433
16	1	13	1509
16	0	16	1052
16	1	12	1218
16	0	16	2353
16	0	16	2755
16	1	3	2584
16	1	4	2458
16	1	19	1489
16	0	16	1879
16	1	13	2576
16	0	16	2257
16	0	16	473
16	0	16	2261
16	1	7	1136
16	1	3	2493
16	0	16	1393
16	1	1	1238
16	0	16	507
16	0	16	2890
16	1	5	1184
16	0	16	1059
16	0	16	1659
16	1	1	2094
16	0	16	1433
16	0	16	2683
16	0	16	2158
16	0	16	1155
16	0	16	2075
16	1	1	1560
16	0	16	1929
16	0	16	1915
16	1	1	313
16	1	1	306
16	1	13	382
16	1	3	2544
16	0	16	1208
16	0	16	1087
16	0	16	848
16	0	16	1341
16	0	16	1523
16	1	13	1314
16	1	13	1544
16	1	4	849
16	0	16	1192
16	0	16	1799
16	0	16	1902
16	1	12	2932
16	0	16	928
16	0	16	2245
16	0	16	1675
16	0	16	2845
16	1	4	1006
16	0	16	1655
16	1	1	1606
16	0	16	95
16	1	4	770
16	0	16	2254
16	0	16	1398
16	0	16	2547
16	1	4	1526
16	0	16	1993
16	1	13	650
16	1	1	1487
16	1	3	2428
16	0	16	1125
16	0	16	1524
16	1	4	1474
16	1	1	923
16	0	16	278
16	0	16	1260
16	0	16	1679
16	0	16	1422
16	0	16	2066
16	1	1	1350
16	0	16	959
16	1	3	1073
16	0	16	895
16	1	1	916
16	0	16	1635
16	0	16	2418
16	1	1	1263
16	0	16	1268
16	0	16	2005
16	0	16	2431
16	1	4	1012
16	0	16	726
16	0	16	1731
16	0	16	1146
16	0	16	1574
16	1	4	175
16	1	3	587
16	1	1	938
16	1	13	715
16	0	16	2771
16	0	16	1807
16	1	4	760
16	1	1	2850
16	1	3	2325
16	1	13	2603
16	1	4	1891
16	0	16	2266
16	0	16	122
16	1	19	721
16	1	3	2444
16	1	1	947
16	0	16	811
16	1	3	2473
16	0	16	2822
16	1	3	218
16	0	16	2907
16	1	13	659
16	1	3	2384
16	1	1	283
16	1	3	2308
16	1	1	2135
16	0	16	2812
16	1	1	685
16	0	16	125
16	0	16	2196
16	0	16	49
16	0	16	554
16	1	10	617
16	0	16	2411
16	1	13	2138
16	0	16	2941
16	0	16	1370
16	0	16	627
16	1	1	243
16	0	16	289
16	1	1	2156
16	1	9	1209
16	1	13	2614
16	0	16	1665
16	1	1	791
16	1	3	418
16	1	13	1071
16	1	4	973
16	1	1	1826
16	0	16	1024
16	1	1	333
16	0	16	555
16	0	16	176
16	0	16	246
16	0	16	2934
16	0	16	2828
16	1	19	1380
16	0	16	1251
16	1	1	1375
16	0	16	2869
16	1	7	1127
16	1	1	2732
16	0	16	285
16	0	16	1829
16	1	1	274
16	1	7	1130
16	0	16	1886
16	1	3	497
16	0	16	2482
16	0	16	2342
16	0	16	2026
16	1	17	2826
16	0	16	2661
16	0	16	1292
16	0	16	812
16	1	12	2279
16	0	16	903
16	1	1	15
16	0	16	1328
16	0	16	1214
16	0	16	2065
16	0	16	2425
16	1	19	66
16	1	4	1475
16	0	16	370
16	0	16	545
16	1	17	1673
16	1	4	1838
16	1	13	1911
16	0	16	662
16	0	16	269
16	0	16	1681
16	0	16	1172
16	0	16	1278
16	0	16	2367
16	0	16	945
16	0	16	2554
16	0	16	1320
16	0	16	632
16	1	1	1612
16	0	16	2008
16	0	16	1870
16	0	16	1
16	1	13	2639
16	1	1	1328
16	1	12	2659
16	1	3	1665
16	0	16	16
16	0	16	244
16	1	4	2010
16	0	16	1312
16	1	13	2894
16	1	1	1759
16	1	3	1640
16	1	19	2077
16	0	16	236
16	1	1	574
16	0	16	2449
16	0	16	2494
16	0	16	2894
16	0	16	730
16	0	16	2238
16	0	16	2656
16	0	16	2659
16	1	4	1711
16	1	3	2568
16	0	16	1077
16	0	16	334
16	1	13	2048
16	0	16	2710
16	1	15	1164
16	0	16	936
16	1	17	2836
16	1	1	1862
16	0	16	2423
16	1	1	2859
16	0	16	1081
16	0	16	1452
16	1	1	1484
16	1	1	1321
16	0	16	394
16	0	16	613
16	0	16	2045
16	0	16	2675
16	0	16	1651
16	0	16	2568
16	1	1	264
16	0	16	2520
16	1	1	1548
16	0	16	2639
16	0	16	2803
16	0	16	1707
16	1	3	1439
16	1	13	102
16	1	3	2378
16	0	16	1648
16	1	1	2044
16	1	4	867
16	1	3	2218
16	1	13	2687
16	0	16	227
16	0	16	1811
16	1	3	2225
16	0	16	2823
16	0	16	1197
16	1	12	2660
16	0	16	2824
16	1	13	398
16	0	16	392
16	1	4	188
16	1	5	1193
16	0	16	1455
16	0	16	2808
16	1	4	1992
16	0	16	487
16	0	16	1350
16	1	1	2095
16	1	4	1839
16	0	16	2388
16	0	16	604
16	0	16	2438
16	1	3	2373
16	0	16	760
16	0	16	164
16	0	16	1621
16	1	4	1996
16	1	19	2262
16	0	16	2632
16	0	16	918
16	0	16	2841
16	1	1	699
16	1	3	2589
16	1	1	925
16	0	16	2621
16	0	16	230
16	1	17	1680
16	0	16	1922
16	0	16	318
16	0	16	1906
16	1	12	626
16	1	1	1264
16	0	16	1630
16	1	13	1683
16	1	1	1422
16	1	4	857
16	1	1	2852
16	0	16	829
16	1	1	90
16	1	17	2344
16	1	13	481
16	1	12	2945
16	0	16	1064
16	0	16	65
16	1	1	1734
16	1	1	1790
16	1	19	2164
16	0	16	1469
16	1	1	2150
16	1	1	198
16	0	16	1140
16	1	1	1865
16	0	16	1864
16	1	3	2580
16	1	1	1349
16	1	1	1412
16	1	4	1529
16	1	1	1708
16	1	12	2909
16	1	1	809
16	1	3	1946
16	0	16	619
16	1	1	550
16	1	3	440
16	1	3	221
16	0	16	2481
16	0	16	1248
16	0	16	1198
16	0	16	2613
16	0	16	2272
16	0	16	2052
16	1	4	1008
16	1	13	1293
16	0	16	228
16	1	1	1344
16	1	4	880
16	1	17	830
16	0	16	2366
16	1	12	2936
16	0	16	1735
16	0	16	1920
16	1	1	18
16	1	13	1459
16	1	1	1744
16	0	16	2039
16	1	1	2093
16	0	16	2387
16	0	16	1063
16	0	16	1036
16	1	4	873
16	1	4	773
16	0	16	594
16	1	13	2132
16	1	17	634
16	1	19	708
16	1	11	1215
16	1	1	563
16	0	16	1849
16	1	1	1266
16	0	16	1285
16	1	1	797
16	1	4	171
16	0	16	1138
16	1	3	2799
16	0	16	753
16	0	16	2129
16	1	1	1608
16	0	16	2181
16	0	16	1157
16	0	16	177
16	1	14	1117
16	0	16	2696
16	0	16	109
16	0	16	385
16	1	19	1388
16	0	16	790
16	1	1	1557
16	1	1	1275
16	1	4	1998
16	1	1	21
16	1	4	1031
16	0	16	2137
16	0	16	48
16	0	16	2765
16	1	12	2353
16	1	13	678
16	0	16	1572
16	1	5	1177
16	0	16	2616
16	1	1	1618
16	0	16	149
16	1	1	275
16	1	3	217
16	1	1	784
16	0	16	758
16	0	16	1513
16	1	9	610
16	1	1	1857
16	1	4	228
16	1	8	986
16	1	3	505
16	0	16	1959
16	1	18	972
16	0	16	412
16	0	16	673
16	0	16	2038
16	0	16	1860
16	1	4	1007
16	1	3	2592
16	1	1	203
16	0	16	2256
16	1	0	629
16	1	13	55
16	0	16	2012
16	1	1	1325
16	1	12	2653
16	0	16	2575
16	0	16	1185
16	0	16	2187
16	0	16	1639
16	1	4	1005
16	1	1	2847
16	0	16	1338
16	0	16	984
16	0	16	2207
16	1	4	1716
16	1	1	1697
16	0	16	163
16	1	3	2599
16	0	16	2180
16	0	16	2664
16	0	16	1576
16	0	16	1368
16	1	5	1181
16	1	3	2791
16	0	16	141
16	1	13	1222
16	1	4	1024
16	1	13	1689
16	1	1	2147
16	0	16	1911
16	1	12	2269
16	1	3	2391
16	0	16	2420
16	0	16	135
16	1	17	2651
16	0	16	2756
16	1	3	1645
16	1	1	1486
16	0	16	1938
16	1	1	1828
16	0	16	317
16	1	3	222
16	0	16	2721
16	0	16	684
16	1	13	64
16	0	16	1007
16	0	16	401
16	0	16	2630
16	1	1	1598
16	0	16	2955
16	0	16	2218
16	0	16	609
16	0	16	851
16	0	16	1754
16	1	1	27
16	0	16	2457
16	0	16	583
16	1	1	1047
16	1	4	1009
16	1	19	2743
16	0	16	445
16	1	4	537
16	0	16	2607
16	1	13	2053
16	0	16	697
16	1	1	2210
16	0	16	2269
16	0	16	530
16	0	16	1438
16	1	1	277
16	1	1	933
16	0	16	1718
16	1	1	334
16	0	16	1217
16	1	12	2280
16	0	16	2842
16	1	3	2381
16	0	16	2874
16	1	4	1931
16	0	16	2885
16	1	13	1398
16	0	16	1404
16	1	3	2514
16	0	16	878
16	0	16	2652
16	0	16	107
16	0	16	1844
16	1	3	2230
16	0	16	1131
16	0	16	929
16	1	13	2715
16	1	3	445
16	1	1	1609
16	1	3	1648
16	1	1	276
16	0	16	258
16	1	13	661
16	0	16	2314
16	0	16	1483
16	1	3	2511
16	1	7	1171
16	0	16	2516
16	1	3	410
16	0	16	2035
16	1	1	1340
16	0	16	998
16	1	4	850
16	1	1	1534
16	0	16	1134
16	0	16	1887
16	0	16	2347
16	0	16	145
16	1	1	2191
16	1	1	1768
16	0	16	33
16	1	1	919
16	1	4	982
16	0	16	1569
16	0	16	2306
16	0	16	830
16	1	4	759
16	1	1	1514
16	1	1	1326
16	1	1	95
16	1	3	1952
16	0	16	2447
16	0	16	1223
16	0	16	1518
16	1	3	512
16	0	16	172
16	0	16	1978
16	0	16	147
16	1	1	1605
16	1	4	968
16	0	16	837
16	1	1	327
16	0	16	174
16	0	16	975
16	0	16	37
16	0	16	1279
16	1	13	2703
16	0	16	902
16	1	13	709
16	1	7	1121
16	1	3	2793
16	1	3	2421
16	0	16	690
16	0	16	470
16	0	16	1501
16	0	16	1163
16	1	4	2238
16	1	3	414
16	0	16	1334
16	1	4	1033
16	0	16	1048
16	1	19	1300
16	1	1	2081
16	0	16	25
16	1	5	1087
16	1	4	1011
16	0	16	324
16	0	16	1252
16	0	16	106
16	1	3	2598
16	1	1	2855
16	0	16	2488
16	0	16	1324
16	1	1	316
16	0	16	373
16	1	4	186
16	1	13	482
16	0	16	97
16	0	16	1166
16	1	19	33
16	0	16	1293
16	0	16	126
16	1	1	1733
16	1	4	1893
16	1	14	1115
16	0	16	1781
16	1	1	2119
16	0	16	2336
16	0	16	2551
16	1	13	2886
16	0	16	860
16	0	16	1314
16	1	3	2329
16	1	1	99
16	0	16	828
16	0	16	1946
16	0	16	1973
16	0	16	2948
16	0	16	2303
16	1	1	856
16	0	16	592
16	1	13	1366
16	0	16	1908
16	1	1	1620
16	1	3	406
16	1	4	1985
16	0	16	2193
16	0	16	2859
16	0	16	1205
16	0	16	2375
16	1	1	2043
16	0	16	2810
16	0	16	1200
16	1	3	1654
16	1	12	1219
16	0	16	196
16	0	16	2739
16	1	3	402
16	1	3	369
16	1	4	1869
16	1	1	910
16	0	16	2160
16	1	4	1798
16	0	16	1271
16	1	9	1210
16	0	16	2964
16	0	16	856
16	1	1	426
16	1	3	451
16	0	16	712
16	1	4	1014
16	1	4	963
16	0	16	319
16	1	19	1277
16	1	1	1832
16	0	16	336
16	1	12	2545
16	0	16	2292
16	0	16	681
16	0	16	462
16	1	3	2410
16	1	12	2919
16	1	3	2562
16	0	16	2279
16	0	16	759
16	1	13	1464
16	1	13	115
16	1	4	1431
16	1	3	2567
16	0	16	1820
16	1	1	265
16	1	3	2566
16	0	16	620
16	1	3	1949
16	0	16	2415
16	0	16	2448
16	0	16	732
16	1	19	547
16	1	19	2756
16	1	13	2872
16	0	16	1502
16	1	3	452
16	1	17	1977
16	0	16	2951
16	1	13	103
16	0	16	2924
16	1	1	2213
16	1	12	643
16	0	16	2132
16	0	16	2427
16	1	1	267
16	1	13	357
16	1	8	1151
16	0	16	2311
16	0	16	308
16	1	3	2376
16	1	19	143
16	1	3	2516
16	1	1	2049
16	1	1	2196
16	0	16	1499
16	1	3	1944
16	0	16	891
16	0	16	2505
16	0	16	916
16	1	4	1957
16	0	16	1400
16	0	16	2947
16	0	16	1876
16	1	1	695
16	0	16	1031
16	1	13	2883
16	1	13	730
16	1	3	2461
16	0	16	538
16	0	16	1899
16	0	16	2356
16	0	16	1668
16	0	16	2604
16	0	16	1511
16	1	13	291
16	0	16	405
16	0	16	992
16	0	16	2247
16	1	4	256
16	0	16	2220
16	1	13	651
16	1	4	871
16	0	16	836
16	1	13	736
16	1	4	2009
16	0	16	1760
16	1	13	2282
16	0	16	765
16	1	4	1004
16	1	1	285
16	1	19	145
16	0	16	1120
16	1	3	2591
16	1	3	1456
16	1	3	2321
16	0	16	2738
16	0	16	388
16	0	16	2284
16	0	16	1642
16	0	16	1050
16	0	16	2203
16	1	3	2518
16	1	19	41
16	1	13	292
16	1	3	2520
16	0	16	735
16	1	4	881
16	1	1	945
16	0	16	2029
16	0	16	1784
16	0	16	1399
16	1	1	2108
16	0	16	1181
16	0	16	1039
16	1	1	560
16	1	4	1721
16	0	16	880
16	1	3	405
16	0	16	739
16	1	19	2157
16	0	16	561
16	0	16	2768
16	0	16	2582
16	0	16	2715
16	0	16	2567
16	0	16	2777
16	0	16	827
16	1	12	2548
16	1	1	1361
16	1	13	479
16	1	1	2105
16	1	12	2270
16	0	16	199
16	0	16	1193
16	1	4	531
16	1	13	1062
16	1	7	1133
16	1	4	1936
16	1	1	117
16	1	4	2002
16	1	1	91
16	0	16	2422
16	1	1	23
16	0	16	2114
16	1	9	614
16	0	16	1044
16	1	3	409
16	1	3	1941
16	0	16	1953
16	0	16	1747
16	0	16	1070
16	0	16	2799
16	0	16	1660
16	0	16	1573
16	1	13	2748
16	0	16	2749
16	1	1	1482
16	1	7	1168
16	0	16	252
16	0	16	858
16	1	19	545
16	0	16	799
16	0	16	2021
16	1	1	1740
16	1	1	1416
16	1	1	1868
16	0	16	1847
16	1	1	788
16	0	16	1583
16	0	16	1661
16	0	16	957
16	1	1	569
16	0	16	1775
16	0	16	659
16	1	13	738
16	0	16	624
16	0	16	767
16	1	3	2811
16	0	16	1295
16	0	16	1608
16	1	3	2412
16	1	1	1408
16	1	17	636
16	1	13	1691
16	1	1	1409
16	0	16	970
16	1	13	2717
16	1	13	675
16	0	16	2047
16	0	16	2379
16	0	16	1374
16	1	8	1155
16	0	16	2124
16	1	9	1207
16	0	16	1053
16	0	16	1108
16	1	13	2904
16	1	19	1278
16	1	1	755
16	1	19	1576
16	0	16	740
16	0	16	2073
16	0	16	2214
16	1	1	1769
16	0	16	1981
16	0	16	1614
16	0	16	1551
16	1	3	2431
16	0	16	1284
16	1	13	1909
16	1	1	901
16	1	4	846
16	0	16	2172
16	1	13	346
16	1	13	487
16	1	12	2938
16	0	16	361
16	1	4	870
16	1	12	2352
16	0	16	999
16	0	16	1611
16	1	13	2713
16	1	13	113
16	1	1	16
16	1	3	520
16	1	13	1286
16	1	13	712
16	1	3	2185
16	0	16	2961
16	1	1	2212
16	0	16	1150
16	1	13	463
16	0	16	2083
16	0	16	2587
16	0	16	835
16	1	4	1813
16	0	16	1893
16	1	13	1223
16	0	16	2343
16	0	16	988
16	0	16	189
16	0	16	20
16	1	1	2102
16	1	3	2219
16	0	16	2090
16	1	4	1934
16	1	4	979
16	1	13	1510
16	0	16	1165
16	0	16	2390
16	1	3	2450
16	0	16	2469
16	0	16	1388
16	0	16	2915
16	0	16	1888
16	0	16	2876
16	0	16	738
16	0	16	2747
16	1	13	2065
16	1	4	1995
16	0	16	379
16	0	16	2067
16	1	3	1075
16	1	19	2759
16	0	16	1042
16	0	16	1456
16	1	10	624
16	1	3	1653
16	1	7	1139
16	1	1	1778
16	0	16	2221
16	0	16	2458
16	0	16	2966
16	1	1	580
16	0	16	1550
16	1	3	2324
16	1	13	2605
16	1	4	1999
16	1	13	663
16	0	16	887
16	1	1	343
16	1	1	915
16	1	13	645
16	1	1	2104
16	0	16	1055
16	1	3	2394
16	1	1	126
16	0	16	434
16	1	1	1498
16	0	16	301
16	0	16	2170
16	1	13	2962
16	1	3	2528
16	0	16	1706
16	1	19	156
16	1	13	2698
16	1	19	2744
16	1	1	1481
16	0	16	1318
16	1	1	1519
16	0	16	54
16	0	16	2000
16	1	1	2729
16	1	3	2563
16	1	12	2928
16	1	3	435
16	0	16	2819
16	0	16	1653
16	0	16	2131
16	1	1	561
16	0	16	1303
16	0	16	2262
16	1	4	257
16	0	16	2736
16	0	16	661
16	0	16	1858
16	0	16	2251
16	0	16	650
16	0	16	708
16	0	16	1546
16	1	8	1150
16	1	3	2315
16	0	16	2862
16	1	13	2615
16	1	5	1196
16	0	16	1114
16	0	16	1491
16	0	16	2508
16	0	16	1391
16	0	16	870
16	0	16	748
16	1	1	233
16	1	1	902
16	0	16	2875
16	0	16	2720
16	1	17	2341
16	0	16	833
16	0	16	1987
16	1	3	498
16	0	16	2936
16	1	1	2626
16	0	16	1187
16	1	1	2623
16	0	16	2956
16	0	16	102
16	0	16	1413
16	0	16	206
16	1	6	1204
16	0	16	966
16	1	8	1149
16	1	13	492
16	0	16	30
16	0	16	1610
16	1	13	1479
16	1	10	621
16	0	16	1230
16	1	12	2251
16	1	3	528
16	1	19	724
16	0	16	2670
16	0	16	1082
16	1	7	1190
16	0	16	933
16	1	13	2908
16	0	16	148
16	0	16	450
16	1	3	2404
16	0	16	1700
16	0	16	707
16	1	5	1195
16	1	19	1284
16	0	16	2767
16	0	16	2919
16	1	1	2636
16	1	1	428
16	0	16	116
16	0	16	1190
16	0	16	2814
16	1	1	2216
16	1	19	1311
16	1	13	716
16	1	1	2179
16	0	16	1169
16	0	16	2466
16	1	1	817
16	1	1	570
16	0	16	1115
16	0	16	2923
16	0	16	2793
16	1	1	1319
16	1	1	1046
16	0	16	626
16	1	1	1736
16	0	16	2940
16	1	1	1244
16	1	13	2701
16	1	3	2430
16	0	16	2713
16	0	16	1600
16	1	4	1855
16	1	19	354
16	0	16	1016
16	1	1	340
16	0	16	2688
16	1	3	2536
16	0	16	1482
16	1	1	1025
16	1	19	1392
16	0	16	493
16	0	16	2818
16	0	16	2007
16	1	4	195
16	0	16	2870
16	0	16	1460
16	0	16	4
16	0	16	2714
16	1	3	363
16	1	3	2235
16	0	16	314
16	0	16	2241
16	0	16	103
16	0	16	920
16	0	16	917
16	1	4	878
16	1	13	387
16	0	16	1926
16	0	16	87
16	1	17	2834
16	0	16	796
16	0	16	2757
16	0	16	701
16	0	16	2023
16	0	16	2460
16	1	1	11
16	0	16	2015
16	0	16	2855
16	0	16	1664
16	1	13	648
16	1	1	1245
16	1	4	1920
16	0	16	2754
16	1	13	2645
16	1	3	420
16	1	19	2057
16	1	7	1192
16	0	16	1424
16	0	16	438
16	1	1	1320
16	1	1	339
16	0	16	2496
16	1	1	122
16	0	16	1353
16	0	16	1609
16	0	16	728
16	0	16	844
16	1	1	1370
16	1	3	518
16	1	1	24
16	1	3	2305
16	0	16	731
16	1	1	1503
16	1	17	1669
16	0	16	1335
16	0	16	499
16	0	16	1118
16	1	1	2731
16	0	16	2018
16	1	4	1871
16	1	12	2355
16	0	16	1111
16	1	13	1684
16	0	16	1687
16	1	4	1915
16	1	1	1401
16	0	16	2813
16	1	1	1521
16	0	16	523
16	1	3	1954
16	1	1	1902
16	1	1	1243
16	1	1	1327
16	0	16	242
16	0	16	1337
16	1	4	194
16	1	1	261
16	1	13	2287
16	0	16	2932
16	1	3	2317
16	1	1	1414
16	0	16	407
16	0	16	572
16	0	16	913
16	0	16	700
16	0	16	337
16	0	16	203
16	1	4	2011
16	0	16	853
16	0	16	173
16	0	16	7
16	1	1	6
16	0	16	2835
16	0	16	1761
16	1	1	278
16	1	19	1281
16	1	1	268
16	1	10	619
16	1	1	1735
16	1	13	2291
16	1	4	1925
16	0	16	1582
16	1	13	2958
16	0	16	2060
16	1	4	772
16	0	16	1889
16	0	16	2183
16	0	16	340
16	0	16	2216
16	0	16	1500
16	0	16	260
16	1	13	1227
16	0	16	818
16	1	3	544
16	0	16	664
16	0	16	1056
16	1	4	1918
16	0	16	2740
16	0	16	1136
16	0	16	2296
16	0	16	2893
16	0	16	2364
16	1	19	2079
16	0	16	1602
16	0	16	425
16	1	3	589
16	1	3	1661
16	0	16	2796
16	0	16	2733
16	0	16	1649
16	0	16	1032
16	0	16	214
16	0	16	2345
16	0	16	410
16	0	16	1736
16	1	1	798
16	1	1	2113
16	1	4	1013
16	0	16	1017
16	1	17	2828
16	1	4	1473
16	0	16	100
16	0	16	2591
16	0	16	991
16	0	16	1793
16	1	1	783
16	0	16	1605
16	0	16	2212
16	1	14	1112
16	0	16	1096
16	1	12	2935
16	1	13	2685
16	0	16	194
16	0	16	972
16	1	19	2169
16	0	16	2614
16	0	16	2248
16	0	16	225
16	0	16	2909
16	1	13	2125
16	0	16	1492
16	0	16	1364
16	1	1	232
16	0	16	893
16	1	1	1701
16	0	16	2164
16	0	16	2684
16	1	3	2438
16	0	16	2899
16	0	16	2853
16	0	16	2200
16	0	16	1343
16	0	16	2264
16	1	19	637
16	1	4	1940
16	0	16	2787
16	1	1	163
16	0	16	1322
16	1	17	833
16	1	3	1663
16	1	17	824
16	1	0	630
16	0	16	2681
16	1	3	525
16	1	3	543
16	1	4	868
16	1	13	666
16	1	19	149
16	1	1	952
16	1	1	1864
16	1	12	2656
16	1	14	1102
16	0	16	1565
16	1	1	2214
16	0	16	1836
16	1	3	2314
16	0	16	2421
16	1	19	29
16	0	16	2959
16	0	16	311
16	0	16	1389
16	1	4	1822
16	1	19	2261
16	1	3	2187
16	0	16	1046
16	0	16	253
16	0	16	2707
16	0	16	717
16	0	16	2384
16	0	16	1462
16	1	13	2675
16	0	16	355
16	0	16	166
16	0	16	325
16	0	16	1724
16	0	16	2360
16	1	1	1858
16	0	16	1839
16	1	1	272
16	1	1	2087
16	0	16	2477
16	0	16	2205
16	0	16	268
16	1	13	2700
16	0	16	645
16	0	16	464
16	1	1	1027
16	0	16	2662
16	1	1	1742
16	0	16	2499
16	1	1	1547
16	1	3	588
16	1	1	914
16	1	13	2683
16	0	16	1210
16	1	1	2892
16	0	16	1515
16	1	1	2211
16	1	1	2133
16	1	13	1067
16	0	16	270
16	0	16	2273
16	1	4	953
16	0	16	1269
16	0	16	2950
16	1	1	1791
16	1	4	1627
16	1	13	1064
16	0	16	210
16	0	16	705
16	0	16	475
16	1	13	135
16	0	16	1417
16	0	16	591
16	0	16	1071
16	0	16	1301
16	0	16	1881
16	0	16	1367
16	0	16	1470
16	0	16	685
16	1	13	377
16	1	4	227
16	0	16	243
16	0	16	2921
16	1	1	1614
16	1	19	2259
16	1	12	2937
16	1	1	112
16	0	16	2642
16	1	1	681
16	0	16	1537
16	1	1	1602
16	1	1	1867
16	1	1	1233
16	1	4	2001
16	0	16	2780
16	0	16	1842
16	1	19	2160
16	1	13	348
16	1	13	1582
16	0	16	2320
16	0	16	809
16	1	1	1727
16	0	16	2009
16	1	3	2445
16	1	1	2124
16	0	16	1503
16	1	3	603
16	0	16	1983
16	0	16	1935
16	0	16	2305
16	1	4	515
16	0	16	2968
16	0	16	2697
16	0	16	1730
16	0	16	612
16	0	16	924
16	1	13	2879
16	1	3	2469
16	1	1	2051
16	0	16	2722
16	1	1	338
16	0	16	1454
16	0	16	747
16	0	16	1403
16	0	16	2833
16	0	16	652
16	0	16	63
16	0	16	772
16	0	16	2061
16	0	16	1898
16	0	16	584
16	1	1	1250
16	0	16	941
16	1	12	2255
16	1	4	249
16	1	1	1356
16	0	16	876
16	0	16	428
16	1	17	2830
16	0	16	2588
16	1	1	2041
16	0	16	859
16	1	13	1588
16	1	3	1652
16	1	3	523
16	1	1	2243
16	1	1	229
16	1	5	1089
16	0	16	2392
16	1	3	1641
16	0	16	2967
16	1	19	1565
16	1	3	2316
16	1	1	2088
16	1	13	2690
16	0	16	1286
16	1	4	967
16	1	4	1836
16	0	16	2290
16	0	16	306
16	0	16	2374
16	0	16	1321
16	1	12	2924
16	1	4	1958
16	1	1	2090
16	0	16	2243
16	1	12	628
16	0	16	2594
16	0	16	1177
16	1	4	960
16	0	16	2693
16	0	16	749
16	0	16	815
16	1	13	1461
16	0	16	2252
16	0	16	521
16	1	19	1569
16	0	16	875
16	1	1	2110
16	1	13	2607
16	0	16	247
16	1	19	2171
16	0	16	2319
16	0	16	2219
16	1	3	2542
16	0	16	986
16	1	1	1765
16	0	16	1528
16	0	16	1231
16	0	16	386
16	1	4	1029
16	0	16	548
16	0	16	1913
16	1	19	132
16	1	1	2134
16	1	13	388
16	0	16	1434
16	0	16	1740
16	0	16	1133
16	0	16	2312
16	1	13	2709
16	0	16	2958
16	1	4	980
16	1	3	441
16	1	19	1577
16	0	16	981
16	1	19	546
16	0	16	111
16	1	4	2003
16	1	1	754
16	1	12	2914
16	0	16	2794
16	1	1	1750
16	0	16	303
16	1	13	1444
16	0	16	688
16	1	3	2524
16	0	16	736
16	1	13	734
16	1	3	2437
16	1	1	2625
16	1	13	658
16	1	19	2260
16	0	16	617
16	1	13	2200
16	0	16	1170
16	1	1	1420
16	1	19	2078
16	1	13	2668
16	1	3	1650
16	1	1	741
16	1	1	109
16	1	7	1122
16	1	1	2107
16	1	1	572
16	0	16	1742
16	1	8	985
16	0	16	422
16	0	16	272
16	0	16	1727
16	0	16	73
16	1	1	701
16	0	16	2548
16	0	16	1196
16	1	1	1413
16	1	4	2015
16	0	16	2873
16	0	16	1552
16	1	19	2760
16	0	16	2640
16	0	16	1734
16	1	4	2032
16	1	1	1249
16	0	16	121
16	1	5	1194
16	1	1	1322
16	0	16	2432
16	1	3	2801
16	0	16	2666
16	1	4	1720
16	0	16	2476
16	1	3	220
16	0	16	1729
16	1	3	2512
16	0	16	26
16	1	1	1258
16	0	16	98
16	1	12	2912
16	0	16	170
16	1	4	776
16	1	7	1166
16	1	1	920
16	1	19	1390
16	0	16	576
16	0	16	2236
16	1	19	157
16	1	10	623
16	0	16	1406
16	0	16	2153
16	1	3	2557
16	0	16	1461
16	0	16	611
16	0	16	559
16	0	16	1726
16	0	16	2380
16	0	16	2424
16	0	16	1468
16	1	19	1386
16	0	16	264
16	0	16	687
16	1	4	1037
16	1	13	2066
16	1	3	2581
16	1	1	293
16	1	7	1135
16	0	16	1369
16	1	5	1199
16	0	16	161
16	0	16	2150
16	1	3	2233
16	1	3	2387
16	0	16	1934
16	0	16	2486
16	0	16	2589
16	1	15	1161
16	0	16	2025
16	1	13	668
16	0	16	703
16	1	4	2460
16	1	8	987
16	0	16	338
16	0	16	1159
16	1	3	2484
16	1	4	170
16	1	4	2022
16	1	13	390
16	1	13	2961
16	1	19	129
16	1	17	831
16	1	4	848
16	0	16	1689
16	1	3	2380
16	0	16	1536
16	0	16	1419
16	0	16	963
16	0	16	1143
16	0	16	294
16	1	1	201
16	1	17	832
16	1	12	2250
16	0	16	2580
16	1	1	2109
16	1	1	2123
16	0	16	668
16	0	16	1408
16	0	16	2719
16	1	19	59
16	1	3	2505
16	0	16	382
16	1	3	2775
16	1	4	775
16	0	16	2122
16	1	5	1180
16	0	16	2744
16	1	3	594
16	1	3	585
16	0	16	1712
16	1	1	1592
16	1	1	321
16	0	16	2175
16	1	1	1899
16	0	16	124
16	1	3	2479
16	1	1	318
16	1	9	615
16	1	1	282
16	1	4	246
16	0	16	2593
16	1	19	2736
16	0	16	2213
16	0	16	897
16	1	13	2960
16	0	16	2778
16	0	16	716
16	0	16	2938
16	0	16	906
16	1	3	2405
16	0	16	2759
16	1	17	2837
16	1	1	8
16	1	1	906
16	0	16	2463
16	0	16	1250
16	1	1	1518
16	1	13	2707
16	0	16	1964
16	1	1	1500
16	1	13	2616
16	1	4	2016
16	0	16	74
16	1	3	2440
16	1	13	1458
16	1	4	1709
16	0	16	1336
16	0	16	1670
16	1	19	1310
16	0	16	2776
16	1	3	2392
16	0	16	1783
16	1	19	2758
16	0	16	2329
16	1	5	1197
16	1	4	1917
16	1	4	1989
16	1	1	1901
16	0	16	787
16	1	4	1987
16	0	16	1094
16	0	16	1853
16	1	1	2042
16	0	16	718
16	1	3	2806
16	0	16	634
16	1	1	204
16	0	16	1941
16	0	16	348
16	1	4	1020
16	1	13	473
16	1	13	2691
16	1	3	2372
16	1	1	2115
16	0	16	862
16	0	16	1458
16	1	13	139
16	0	16	2217
16	1	1	1259
16	1	14	1101
16	0	16	2872
16	0	16	2143
16	1	13	2670
16	1	1	1332
16	0	16	1952
16	1	13	1292
16	0	16	1160
16	1	13	1907
16	1	1	20
16	0	16	1728
16	1	3	2309
16	1	1	1353
16	1	3	2232
16	1	1	2091
16	1	13	652
16	1	1	552
16	0	16	1936
16	0	16	691
16	1	4	1875
16	0	16	180
16	1	1	2182
16	0	16	2901
16	0	16	1188
16	1	4	1802
16	0	16	1830
16	0	16	1508
16	0	16	1203
16	0	16	1054
16	0	16	969
16	0	16	1304
16	0	16	1494
16	0	16	327
16	0	16	205
16	1	13	2876
16	0	16	191
16	0	16	2536
16	1	4	1000
16	1	19	150
16	0	16	1757
16	0	16	2732
16	1	3	2500
16	1	4	1038
16	1	3	2596
16	0	16	2036
16	0	16	2202
16	0	16	2807
16	1	3	1844
16	0	16	825
16	1	19	2080
16	1	1	1247
16	0	16	83
16	0	16	1180
16	1	1	1341
16	1	1	167
16	1	1	556
16	0	16	641
16	1	19	1385
16	1	13	1384
16	1	1	946
16	0	16	151
16	0	16	1446
16	0	16	2111
16	1	1	311
16	1	12	2934
16	0	16	2340
16	0	16	516
16	1	5	1092
16	0	16	2056
16	1	13	495
16	0	16	1603
16	1	1	322
16	0	16	643
16	1	19	1309
16	1	4	1959
16	1	19	726
16	0	16	1531
16	0	16	852
16	1	13	2693
16	0	16	2491
16	0	16	376
16	1	13	667
16	1	19	1491
16	1	1	1554
16	0	16	2016
16	0	16	953
16	0	16	699
16	1	13	2704
16	1	1	2610
16	1	3	2482
16	1	1	1362
16	1	1	304
16	1	1	1700
16	0	16	2071
16	0	16	2100
16	0	16	954
16	0	16	1471
16	1	1	2177
16	0	16	1291
16	0	16	2680
16	1	1	2106
16	0	16	43
16	1	1	22
16	0	16	1666
16	0	16	2784
16	0	16	1473
16	0	16	838
16	1	1	2762
16	0	16	2930
16	1	4	1428
16	0	16	2856
16	1	12	2952
16	0	16	2829
16	1	1	700
16	0	16	1344
16	1	1	553
16	1	5	1099
16	1	3	2408
16	1	1	2726
16	1	3	2480
16	0	16	1912
16	1	1	164
16	1	17	1968
16	1	19	147
16	0	16	2063
16	0	16	2096
16	1	1	2248
16	0	16	1874
16	1	1	799
16	1	4	2018
16	1	4	1872
16	1	1	1770
16	1	4	965
16	1	4	1717
16	1	4	1016
16	0	16	78
16	0	16	742
16	1	4	1988
16	1	3	2300
16	0	16	2104
16	0	16	556
16	0	16	2263
16	0	16	563
16	1	3	2429
16	1	1	895
16	1	12	2948
16	0	16	2626
16	0	16	1585
16	1	19	1305
16	1	1	748
16	0	16	1667
16	1	3	1642
16	1	3	416
16	0	16	904
16	0	16	2973
16	0	16	1669
16	0	16	1702
16	0	16	1351
16	0	16	1627
16	1	3	1631
16	0	16	1066
16	0	16	2773
16	1	1	1885
16	1	3	2508
16	1	19	1389
16	1	13	672
16	0	16	408
16	1	4	189
16	1	4	1722
16	1	1	948
16	1	19	2733
16	0	16	782
16	1	13	2056
16	0	16	680
16	1	12	2664
16	1	12	627
16	1	13	2706
16	0	16	2325
16	1	4	974
16	1	4	182
16	0	16	1283
16	0	16	783
16	1	4	1017
16	0	16	2577
16	1	17	1969
16	0	16	2888
16	0	16	105
16	0	16	958
16	0	16	484
16	1	1	0
16	1	3	2478
16	1	3	2345
16	1	12	2944
16	0	16	2253
16	0	16	2307
16	0	16	655
16	1	3	2600
16	1	13	2867
16	0	16	1034
16	1	3	2427
16	1	13	739
16	0	16	2668
16	0	16	1444
16	1	13	2871
16	1	3	1644
16	1	1	1376
16	0	16	586
16	1	4	847
16	0	16	2151
16	1	4	1849
16	1	1	323
16	1	3	2530
16	1	1	898
16	1	4	1001
16	1	13	2064
16	0	16	2165
16	1	19	2073
16	1	1	2749
16	0	16	1637
16	0	16	754
16	0	16	279
16	1	1	12
16	0	16	146
16	0	16	1505
16	0	16	2531
16	1	1	1777
16	0	16	1834
16	0	16	1848
16	0	16	1263
16	0	16	524
16	1	3	2393
16	0	16	1183
16	1	4	1874
16	1	1	303
16	1	7	1125
16	0	16	1265
16	0	16	2110
16	0	16	843
16	0	16	1688
16	1	19	58
16	1	3	2223
16	1	9	1212
16	0	16	222
16	1	1	1410
16	0	16	629
16	1	3	2390
16	0	16	1559
16	1	4	1840
16	1	1	1496
16	1	1	9
16	1	1	1818
16	0	16	1227
16	0	16	1141
16	1	1	1897
16	1	4	874
16	0	16	682
16	1	4	1939
16	1	1	1253
16	1	13	674
16	1	1	1781
16	1	13	1290
16	1	4	2017
16	0	16	1142
16	1	3	2532
16	0	16	2278
16	0	16	2309
16	0	16	2419
16	1	1	74
16	0	16	2758
16	1	13	2130
16	0	16	845
16	1	1	1831
16	1	19	1302
16	0	16	1033
16	1	1	1593
16	1	1	1764
16	1	3	2466
16	0	16	359
16	1	13	374
16	0	16	357
16	1	13	737
16	0	16	287
16	1	19	2264
16	0	16	2234
16	1	6	1202
16	1	1	787
16	1	3	1621
16	0	16	367
16	1	3	403
16	1	1	2891
16	1	1	911
16	0	16	2171
16	0	16	2019
16	0	16	1960
16	1	1	2858
16	0	16	186
16	0	16	1977
16	0	16	2645
16	0	16	1928
16	1	1	1732
16	0	16	831
16	1	7	1138
16	1	13	1435
16	1	4	2459
16	0	16	2608
16	1	13	461
16	1	13	2899
16	1	4	1892
16	1	13	345
16	1	1	800
16	1	3	1447
16	1	5	1179
16	1	13	1383
16	0	16	471
16	0	16	1450
16	1	1	1552
16	1	3	1466
16	1	4	1926
16	0	16	2068
16	1	13	1313
16	0	16	598
16	0	16	2617
16	1	13	656
16	1	19	1568
16	1	7	1131
16	1	3	2296
16	0	16	656
16	0	16	2620
16	1	3	2407
16	0	16	907
16	0	16	2230
16	1	4	1876
16	0	16	2141
16	0	16	1933
16	0	16	1695
16	0	16	1418
16	0	16	1626
16	1	1	908
16	0	16	479
16	1	17	1975
16	1	1	1616
16	1	13	471
16	1	3	1449
16	0	16	1852
16	1	13	2604
16	1	3	607
16	0	16	2953
16	0	16	1207
16	0	16	826
16	0	16	2912
16	1	7	1169
16	0	16	1914
16	0	16	2293
16	0	16	2439
16	0	16	648
16	0	16	1021
16	1	13	373
16	1	4	1851
16	1	13	2641
16	0	16	1121
16	0	16	2817
16	1	4	1714
16	0	16	2648
16	1	3	1078
16	1	3	2399
16	1	1	1539
16	1	3	2560
16	0	16	2544
16	1	5	1185
16	1	13	399
16	1	1	1506
16	1	17	2844
16	1	4	1002
16	1	1	1369
16	0	16	2837
16	0	16	596
16	0	16	1580
16	0	16	2224
16	1	4	1924
16	0	16	119
16	1	4	845
16	0	16	2512
16	0	16	387
16	1	1	271
16	1	13	1232
16	1	1	1276
16	1	1	792
16	1	13	1397
16	1	1	2972
16	1	3	2577
16	1	1	1048
16	1	13	484
16	0	16	1221
16	1	3	2441
16	0	16	1090
16	0	16	1037
16	1	1	2769
16	0	16	1772
16	0	16	1173
16	0	16	431
16	0	16	1940
16	0	16	2770
16	0	16	2348
16	0	16	2286
16	0	16	1931
16	1	19	2076
16	0	16	962
16	1	13	2646
16	0	16	1673
16	1	4	2013
16	0	16	1579
16	1	1	927
16	1	1	1699
16	1	13	665
16	1	1	75
16	1	13	2896
16	0	16	32
16	1	1	2767
16	0	16	1373
16	1	5	1088
16	1	3	2375
16	0	16	1366
16	0	16	2881
16	1	1	2609
16	0	16	2159
16	0	16	2705
16	0	16	1022
16	0	16	2197
16	1	3	1842
16	0	16	883
16	1	1	2155
16	1	13	63
16	0	16	595
16	0	16	1234
16	1	1	1731
16	1	1	2268
16	1	13	493
16	0	16	1510
16	1	19	2754
16	1	1	1418
16	1	3	2809
16	1	4	1803
16	1	4	1960
16	1	1	917
16	0	16	375
16	1	1	750
16	1	3	2572
16	0	16	939
16	0	16	402
16	1	1	76
16	1	13	2689
16	1	1	694
16	1	13	2679
16	1	4	954
16	1	13	679
16	1	13	680
16	0	16	2541
16	0	16	200
16	1	3	214
16	0	16	452
16	0	16	469
16	0	16	2928
16	0	16	2346
16	1	13	485
16	1	7	1094
16	0	16	2479
16	1	1	1404
16	1	1	2630
16	0	16	2596
16	1	1	1859
16	0	16	406
16	0	16	821
16	0	16	2358
16	0	16	2344
16	1	3	582
16	0	16	755
16	1	3	2222
16	0	16	599
16	1	3	1452
16	0	16	2033
16	0	16	2092
16	0	16	1290
16	1	1	924
16	0	16	1561
16	0	16	79
16	1	3	2293
16	0	16	1128
16	0	16	390
16	1	4	1814
16	1	1	1704
16	1	1	231
16	0	16	1023
16	0	16	2846
16	0	16	571
16	1	4	529
16	1	4	766
16	1	4	1873
16	1	3	2366
16	1	13	474
16	0	16	778
16	0	16	795
16	1	1	1538
16	0	16	150
16	0	16	2495
16	0	16	2322
16	0	16	1566
16	1	1	837
16	1	1	202
16	1	7	1170
16	0	16	2456
16	1	1	2861
16	1	1	753
16	0	16	1439
16	1	1	2761
16	1	1	2209
16	1	13	2281
16	0	16	1289
16	1	1	795
16	1	4	190
16	0	16	2766
16	0	16	873
16	0	16	2362
16	1	1	1546
16	0	16	463
16	0	16	2635
16	0	16	2315
16	1	13	1511
16	1	1	2148
16	0	16	840
16	1	13	1065
16	0	16	344
16	0	16	259
16	1	11	2818
16	1	1	579
16	1	3	2401
16	0	16	1476
16	0	16	2088
16	1	13	1288
16	0	16	2138
16	0	16	2561
16	1	4	1896
16	1	1	2862
16	0	16	1371
16	0	16	1597
16	0	16	1135
16	1	13	2283
16	0	16	2762
16	1	1	573
16	0	16	2723
16	1	1	691
16	0	16	2775
16	0	16	2957
16	1	19	2074
16	0	16	1348
16	0	16	2918
16	1	1	96
16	1	3	2474
16	0	16	847
16	1	3	224
16	1	1	838
16	0	16	2840
16	1	19	2163
16	0	16	713
16	0	16	2525
16	0	16	1002
16	1	1	197
16	0	16	1595
16	1	1	1594
16	1	1	1590
16	0	16	2925
16	0	16	677
16	0	16	1590
16	0	16	1841
16	1	3	2358
16	1	8	1159
16	0	16	1004
16	1	17	2833
16	0	16	741
16	0	16	1481
16	0	16	1685
16	1	3	2788
16	0	16	1132
16	0	16	1035
16	1	13	1460
16	0	16	240
16	1	1	1550
16	1	3	2795
16	1	1	1883
16	0	16	1823
16	1	11	2817
16	0	16	19
16	0	16	2399
16	1	3	2481
16	1	13	1434
16	0	16	2478
16	1	1	2178
16	1	1	1698
16	1	4	1724
16	0	16	2809
16	0	16	2109
16	0	16	2228
16	1	19	2257
16	0	16	2020
16	0	16	2600
16	1	1	80
16	0	16	2782
16	0	16	2070
16	1	3	1950
16	1	13	1395
16	0	16	1305
16	1	1	693
16	1	1	1888
16	0	16	2288
16	0	16	1927
16	1	1	2764
16	0	16	1436
16	1	1	1265
16	0	16	1976
16	1	3	2335
16	0	16	2397
16	1	4	975
16	0	16	322
16	0	16	377
16	0	16	814
16	0	16	1332
16	0	16	2565
16	1	3	423
16	0	16	82
16	1	19	131
16	0	16	208
16	0	16	1349
16	0	16	1672
16	1	13	1287
16	1	17	719
16	1	1	815
16	1	3	2388
16	1	3	604
16	0	16	820
16	0	16	2168
16	0	16	1575
16	0	16	1357
16	0	16	1095
16	1	1	922
16	0	16	1485
16	1	7	1167
16	0	16	1247
16	0	16	575
16	1	14	1108
16	0	16	597
16	1	5	1085
16	1	1	335
16	0	16	2024
16	1	3	371
16	0	16	192
16	0	16	1599
16	1	3	2540
16	0	16	23
16	0	16	2179
16	1	3	581
16	0	16	360
16	1	13	289
16	0	16	276
16	1	13	2694
16	1	7	1174
16	0	16	934
16	1	13	1457
16	0	16	2687
16	1	17	1671
16	1	1	2624
16	1	13	2671
16	0	16	216
16	1	3	1953
16	0	16	2896
16	0	16	1288
16	1	3	2550
16	0	16	1490
16	1	1	1886
16	1	4	872
16	0	16	2692
16	1	3	506
16	1	3	2595
16	1	4	2029
16	1	7	1132
16	1	3	401
16	1	3	2810
16	0	16	2211
16	0	16	399
16	0	16	944
16	0	16	2761
16	1	1	1351
16	1	1	1260
16	1	13	104
16	0	16	10
16	1	1	71
16	1	4	1964
16	1	13	2676
16	1	19	2060
16	1	13	2877
16	1	1	315
16	1	1	1334
16	1	17	1980
16	1	13	1063
16	1	17	1672
16	0	16	2933
16	1	13	2126
16	0	16	2136
16	1	1	2154
16	0	16	2297
16	0	16	1558
16	1	4	1800
16	1	4	883
16	0	16	1003
16	1	3	2398
16	0	16	551
16	0	16	1711
16	1	4	1801
16	1	1	1517
16	1	1	89
16	0	16	1530
16	1	4	1039
16	0	16	75
16	1	1	1695
16	1	13	2672
16	1	1	2728
16	0	16	1072
16	0	16	763
16	0	16	2011
16	1	1	1237
16	1	3	431
16	1	13	457
16	0	16	204
16	1	4	1685
16	0	16	403
16	1	12	2940
16	1	13	2696
16	1	4	2005
16	0	16	1544
16	1	13	669
16	0	16	593
16	1	3	2803
16	0	16	2300
16	0	16	967
16	0	16	983
16	0	16	1759
16	0	16	137
16	1	1	1269
16	0	16	1104
16	0	16	1358
16	0	16	533
16	1	7	1096
16	1	3	2333
16	1	3	367
16	1	17	2842
16	0	16	2867
16	1	1	1026
16	0	16	2370
16	1	1	2860
16	0	16	2041
16	0	16	606
16	0	16	1732
16	1	1	1419
16	0	16	1317
16	1	13	1229
16	0	16	1764
16	0	16	347
16	0	16	1201
16	0	16	333
16	1	7	1175
16	1	13	2897
16	1	13	2127
16	1	3	2439
16	0	16	2695
16	1	19	152
16	0	16	834
16	1	1	320
16	1	3	2539
16	1	1	1041
16	0	16	299
16	1	8	1143
16	1	1	93
16	0	16	785
16	0	16	1719
16	0	16	1982
16	1	4	2
16	1	1	1819
16	0	16	2459
16	0	16	2743
16	1	4	251
16	1	1	85
16	1	13	478
16	0	16	8
16	1	4	879
16	0	16	363
16	1	19	1571
16	0	16	2528
16	1	4	2019
16	1	1	1374
16	0	16	1750
16	1	12	2354
16	0	16	90
16	0	16	531
16	0	16	2636
16	1	1	811
16	0	16	120
16	1	3	2513
16	0	16	1194
16	0	16	1415
16	0	16	1339
16	0	16	160
16	1	1	2190
16	0	16	2323
16	1	5	1178
16	1	1	2136
16	1	12	642
16	0	16	1741
16	0	16	771
16	1	13	1396
16	0	16	2676
16	0	16	2795
16	0	16	139
16	1	1	1504
16	1	3	1841
16	1	3	2220
16	0	16	2298
16	0	16	129
16	0	16	2400
16	1	13	2608
16	0	16	140
16	1	1	1411
16	1	13	1231
16	1	4	1870
16	0	16	448
16	0	16	184
16	0	16	2724
16	1	4	1963
16	1	3	524
16	1	1	2851
16	0	16	396
16	0	16	1220
16	1	7	1137
16	1	1	2633
16	1	3	1646
16	1	3	2464
16	1	3	1633
16	0	16	932
16	1	3	2529
16	1	4	1916
16	0	16	1130
16	0	16	1410
16	1	13	389
16	1	13	2956
16	1	19	1566
16	1	18	971
16	1	3	2231
16	0	16	666
16	1	1	2193
16	1	7	1095
16	0	16	2453
16	0	16	1013
16	1	13	2667
16	0	16	351
16	1	4	876
16	0	16	1330
16	1	1	2966
16	1	1	2122
16	0	16	1241
16	0	16	743
16	0	16	1179
16	1	3	219
16	1	13	2869
16	1	12	2931
16	1	1	2241
16	0	16	158
16	0	16	110
16	0	16	459
16	1	17	2831
16	0	16	369
16	1	4	1878
16	0	16	2939
16	0	16	2163
16	1	1	342
16	1	3	2409
16	1	3	2790
16	1	13	671
16	0	16	1798
16	0	16	490
16	1	3	2367
16	1	1	70
16	1	3	2797
16	0	16	605
16	0	16	1554
16	1	1	1729
16	0	16	2441
16	1	1	284
16	1	1	2101
16	1	14	1118
16	1	13	1393
16	1	3	215
16	0	16	2700
16	1	1	803
16	1	3	2332
16	1	1	1747
16	1	1	2189
16	0	16	2382
16	0	16	50
16	1	3	417
16	1	3	2798
16	0	16	2123
16	0	16	2802
16	0	16	2464
16	1	8	1144
16	1	3	2570
16	0	16	339
16	0	16	2155
16	1	3	2320
16	1	1	1502
16	1	3	583
16	0	16	395
16	0	16	2654
16	0	16	2615
16	0	16	93
16	0	16	2643
16	0	16	696
16	0	16	2149
16	0	16	671
16	1	1	2965
16	0	16	1421
16	0	16	2667
16	0	16	640
16	0	16	127
16	0	16	298
16	0	16	2434
16	0	16	332
16	1	19	1299
16	0	16	1427
16	0	16	2080
16	1	1	324
16	0	16	879
16	0	16	901
16	0	16	2270
16	1	13	2900
16	1	1	2037
16	1	17	2832
16	0	16	706
16	0	16	2
16	0	16	2781
16	1	1	230
16	1	3	2416
16	1	3	2359
16	0	16	1714
16	0	16	2386
16	1	1	82
16	0	16	1992
16	0	16	2089
16	1	13	138
16	1	9	1206
16	0	16	1684
16	0	16	1766
16	1	19	1570
16	0	16	1440
16	0	16	2049
16	0	16	2570
16	0	16	1796
16	0	16	2013
16	1	1	2750
16	0	16	2734
16	0	16	1827
16	1	1	125
16	0	16	2484
16	1	13	475
16	0	16	1780
16	0	16	1967
16	0	16	1484
16	0	16	1441
16	1	1	913
16	0	16	544
16	0	16	1219
16	0	16	290
16	0	16	2489
16	0	16	1238
16	0	16	1956
16	0	16	1556
16	1	1	2082
16	1	12	2925
16	0	16	2059
16	0	16	1154
16	0	16	2815
16	1	1	77
16	0	16	2679
16	1	13	655
16	1	3	2389
16	1	12	2249
16	0	16	2660
16	1	4	1854
16	1	4	865
16	0	16	2391
16	0	16	775
16	1	1	1359
16	1	19	44
16	0	16	472
16	0	16	1924
16	0	16	1119
16	0	16	45
16	1	4	191
16	0	16	1895
16	0	16	960
16	0	16	1123
16	0	16	543
16	0	16	2595
16	0	16	2671
16	0	16	1555
16	0	16	1249
16	0	16	181
16	1	13	2688
16	0	16	1545
16	0	16	2556
16	1	1	1272
16	0	16	943
16	0	16	578
16	0	16	1512
16	0	16	1872
16	0	16	62
16	0	16	2428
16	0	16	195
16	0	16	1549
16	1	13	476
16	1	12	2951
16	0	16	951
16	0	16	2581
16	1	17	717
16	0	16	863
16	1	1	1595
16	0	16	1504
16	0	16	2376
16	0	16	2317
16	0	16	610
16	1	3	2426
16	1	13	494
16	0	16	2850
16	1	3	1656
16	1	1	802
16	0	16	2623
16	1	13	1295
16	0	16	1696
16	0	16	1901
16	1	4	254
16	1	3	2786
16	0	16	2487
16	0	16	481
16	1	1	1756
16	0	16	1078
16	1	4	1847
16	0	16	1267
16	1	13	136
16	0	16	2882
16	0	16	2490
16	1	1	1536
16	1	3	1624
16	1	1	2627
16	0	16	872
16	0	16	2501
16	1	13	1367
16	0	16	1018
16	1	1	88
16	0	16	2718
16	0	16	326
16	0	16	1144
16	0	16	2783
16	0	16	1375
16	1	13	1081
16	0	16	2135
16	1	1	801
16	1	1	1866
16	1	3	2502
16	0	16	2485
16	0	16	1390
16	0	16	885
16	0	16	500
16	1	13	2640
16	0	16	846
16	0	16	1690
16	1	8	1142
16	0	16	66
16	0	16	2385
16	1	13	1082
16	1	1	926
16	1	3	2397
16	1	13	347
16	1	13	1221
16	1	1	5
16	1	3	511
16	1	3	2780
16	0	16	2609
16	0	16	134
16	0	16	1516
16	0	16	1859
16	1	13	51
16	1	3	2579
16	1	17	2835
16	1	4	2000
16	1	13	1083
16	0	16	1266
16	1	17	720
16	1	13	383
16	0	16	364
16	1	13	1060
16	1	13	2286
16	1	4	997
16	0	16	720
16	0	16	372
16	1	4	889
16	1	1	2146
16	0	16	1800
16	0	16	2538
16	1	9	616
16	0	16	608
16	0	16	2048
16	1	1	2612
16	0	16	1625
16	1	4	884
16	0	16	1541
16	0	16	130
16	1	1	2112
16	0	16	667
16	1	3	450
16	1	1	1240
16	0	16	2327
16	1	1	100
16	1	1	7
16	0	16	1786
16	0	16	2259
16	0	16	113
16	0	16	653
16	0	16	2316
16	0	16	57
16	0	16	2467
16	0	16	2074
16	1	4	1811
16	1	4	1895
16	0	16	2192
16	1	1	2967
16	0	16	534
16	1	17	1471
16	0	16	1168
16	0	16	1383
16	0	16	414
16	1	19	1575
16	1	3	2491
16	0	16	2173
16	1	13	1477
16	0	16	2363
16	0	16	2527
16	1	12	2254
16	0	16	1568
16	0	16	1045
16	1	1	929
16	0	16	1352
16	1	1	568
16	1	14	1106
16	0	16	2655
16	0	16	2291
16	1	8	1156
16	0	16	29
16	0	16	1692
16	1	4	187
16	0	16	1863
16	0	16	480
16	0	16	221
16	1	4	2237
16	0	16	1917
16	1	19	723
16	0	16	1704
16	1	4	1962
16	0	16	698
16	1	1	1330
16	0	16	2911
16	1	1	1336
16	1	12	2271
16	1	19	68
16	1	5	989
16	1	1	1861
16	1	1	106
16	0	16	672
16	1	13	1436
16	1	13	358
16	0	16	2097
16	0	16	2436
16	0	16	670
16	0	16	1866
16	1	1	1760
16	0	16	806
16	1	6	1203
16	0	16	2898
16	0	16	2946
16	0	16	850
16	1	4	192
16	1	3	2503
16	1	13	360
16	1	3	2328
16	0	16	1921
16	1	4	1712
16	1	19	2735
16	1	13	1442
16	0	16	987
16	0	16	1277
16	1	1	1783
16	0	16	378
16	0	16	1535
16	1	3	1445
16	1	1	2266
16	1	1	1726
16	1	12	2950
16	0	16	1984
16	1	1	1338
16	1	1	931
16	0	16	2971
16	0	16	1855
16	0	16	114
16	0	16	1129
16	0	16	489
16	1	4	1018
16	1	1	2152
16	0	16	335
16	1	4	1427
16	1	1	1748
16	0	16	2333
16	0	16	237
16	0	16	539
16	0	16	974
16	0	16	509
16	0	16	1634
16	1	3	1943
16	0	16	131
16	1	1	238
16	1	19	1297
16	1	3	2340
16	1	19	158
16	1	12	2949
16	0	16	1598
16	0	16	41
16	1	19	2739
16	1	4	864
16	1	13	2907
16	1	5	1186
16	1	1	124
16	1	1	166
16	1	1	1545
16	1	3	508
16	1	1	1343
16	1	17	1974
16	0	16	465
16	1	19	1304
16	1	3	2804
16	0	16	343
16	0	16	1997
16	0	16	942
16	1	19	1307
16	0	16	977
16	1	3	2578
16	1	1	937
16	1	13	2878
16	1	13	1541
16	1	13	2129
16	0	16	2922
16	1	12	2256
16	0	16	1753
16	1	1	814
16	1	19	2753
16	0	16	658
16	0	16	2146
16	1	11	1214
16	1	13	1368
16	0	16	2677
16	0	16	53
16	0	16	2611
16	1	13	2716
16	0	16	2239
16	1	13	2678
16	0	16	1380
16	1	12	2654
16	0	16	751
16	0	16	1000
16	0	16	614
16	1	1	79
16	1	3	2377
16	1	13	1291
16	1	4	1426
16	0	16	2883
16	0	16	2416
16	0	16	2908
16	0	16	2945
16	1	3	2564
16	0	16	2863
16	1	1	1617
16	0	16	2895
16	0	16	1112
16	1	4	1425
16	0	16	1167
16	1	1	1702
16	0	16	1989
16	0	16	522
16	0	16	630
16	1	13	2719
16	0	16	275
16	1	12	2939
16	1	17	1970
16	1	1	330
16	1	13	2674
16	1	4	1833
16	0	16	2523
16	0	16	1520
16	0	16	282
16	1	17	1472
16	1	1	2622
16	0	16	2157
16	1	1	554
16	0	16	2445
16	1	3	2229
16	1	13	1226
16	1	1	1562
16	1	13	378
16	0	16	683
16	0	16	188
16	1	3	2779
16	1	4	1807
16	1	1	2772
16	1	19	705
16	1	3	1076
16	1	5	1090
16	0	16	374
16	0	16	2735
16	1	1	940
16	1	13	2680
16	1	3	605
16	0	16	1047
16	1	19	1377
16	1	4	1853
16	0	16	491
16	1	4	534
16	1	1	1256
16	1	4	248
16	1	1	704
16	0	16	2054
16	1	3	2313
16	1	19	37
16	0	16	2515
16	1	1	1242
16	0	16	2752
16	1	3	2794
16	1	4	1023
16	0	16	2592
16	1	14	1107
16	1	19	31
16	0	16	2954
16	1	1	1693
16	0	16	1802
16	0	16	2099
16	1	4	2453
16	1	1	2120
16	1	17	635
16	0	16	2866
16	1	13	2665
16	1	3	2555
16	0	16	1432
16	1	4	779
16	1	7	1191
16	1	1	692
16	0	16	59
16	0	16	2585
16	1	1	84
16	0	16	144
16	1	3	1649
16	1	13	1583
16	1	13	1055
16	1	13	2868
16	0	16	2935
16	1	1	1792
16	0	16	2093
16	0	16	2082
16	0	16	2532
16	0	16	443
16	0	16	1182
16	1	19	1312
16	1	13	1289
16	0	16	417
16	1	3	1667
16	0	16	2563
16	1	4	2025
16	0	16	1058
16	0	16	1091
16	0	16	2454
16	0	16	908
16	0	16	710
16	0	16	1961
16	1	1	1773
16	0	16	1738
16	1	4	1821
16	0	16	447
16	1	12	2916
16	1	13	2061
16	0	16	1463
16	0	16	2030
16	1	3	449
16	0	16	1156
16	1	4	1837
16	1	3	2334
16	0	16	1474
16	1	1	1354
16	0	16	1705
16	1	3	507
16	1	3	2221
16	1	4	886
16	1	4	180
16	1	3	1446
16	1	1	332
16	0	16	2877
16	1	14	1110
16	0	16	1239
16	0	16	1628
16	1	13	2638
16	0	16	511
16	0	16	132
16	1	1	1257
16	0	16	1845
16	0	16	2791
16	1	1	105
16	0	16	1222
16	1	1	2206
16	1	4	1035
16	0	16	1109
16	0	16	1749
16	0	16	81
16	1	1	241
16	0	16	42
16	1	3	2509
16	0	16	117
16	1	3	362
16	0	16	1795
16	1	1	94
16	1	3	2224
16	1	1	1743
16	0	16	2729
16	0	16	1158
16	0	16	1532
16	0	16	1313
16	1	3	2368
16	1	13	1463
16	0	16	91
16	0	16	2086
16	0	16	1762
16	0	16	2274
16	0	16	2285
16	1	3	421
16	0	16	2690
16	1	17	829
16	1	17	2843
16	1	12	2922
16	1	1	2968
16	1	13	467
16	0	16	2685
16	1	1	295
16	1	4	2454
16	1	1	2142
16	0	16	44
16	0	16	529
16	1	13	352
16	1	1	1603
16	1	3	419
16	1	1	1499
16	0	16	1282
16	1	5	990
16	1	19	45
16	0	16	2032
16	0	16	946
16	0	16	1615
16	0	16	2147
16	1	19	2059
16	1	13	2684
16	0	16	1029
16	0	16	2576
16	1	1	81
16	0	16	503
16	0	16	429
16	1	4	1890
16	1	1	317
16	0	16	1817
16	1	1	309
16	1	13	460
16	1	17	2825
16	0	16	2369
16	1	13	133
16	0	16	1803
16	1	13	2887
16	1	13	2140
16	0	16	68
16	1	4	1986
16	1	13	2606
16	1	1	1789
16	1	4	1812
16	1	17	835
16	1	3	2419
16	0	16	1526
16	1	1	1882
16	1	13	1347
16	1	13	2718
16	1	3	1664
16	0	16	2571
16	0	16	1680
16	1	3	2348
16	1	4	2012
16	1	13	1315
16	0	16	2560
16	1	1	689
16	1	4	763
16	1	3	2490
16	0	16	2906
16	0	16	1139
16	1	13	1061
16	0	16	919
16	1	3	2773
16	0	16	2691
16	1	19	2737
16	1	13	2055
16	1	3	2522
16	0	16	295
16	1	1	108
16	0	16	1245
16	1	3	407
16	1	3	454
16	1	1	161
16	1	4	1626
16	1	4	174
16	0	16	1001
16	1	4	866
16	1	1	2854
16	0	16	823
16	0	16	427
16	1	1	897
16	1	1	341
16	0	16	2599
16	0	16	46
16	0	16	241
16	0	16	1903
16	0	16	1697
16	1	3	503
16	0	16	1331
16	0	16	839
16	0	16	1459
16	0	16	2574
16	1	1	92
16	1	4	758
16	0	16	1316
16	1	12	2278
16	0	16	362
16	0	16	175
16	0	16	1355
16	0	16	1085
16	1	1	337
16	0	16	28
16	1	17	1469
16	1	11	2820
16	0	16	603
16	0	16	1963
16	1	1	1746
16	0	16	2227
16	0	16	2764
16	0	16	2788
16	1	13	359
16	1	4	1835
16	1	4	842
16	0	16	2731
16	0	16	440
16	0	16	1176
16	1	1	312
16	1	17	1972
16	1	4	1993
16	1	1	2766
16	0	16	36
16	1	3	436
16	1	12	2655
16	0	16	2222
16	1	4	1928
16	1	3	2301
16	0	16	1880
16	0	16	2586
16	1	4	1799
16	1	13	2875
16	1	1	1540
16	1	3	210
16	1	1	1610
16	1	1	2121
16	0	16	2337
16	1	1	2853
16	0	16	391
16	0	16	1043
16	1	1	2052
16	0	16	1262
16	1	1	1784
16	0	16	423
16	0	16	547
16	1	1	1485
16	1	1	2111
16	1	3	434
16	1	1	1043
16	0	16	762
16	1	1	2174
16	1	1	1591
16	1	13	2047
16	0	16	1068
16	1	4	777
16	0	16	2078
16	1	3	2411
16	0	16	2629
16	1	17	2816
16	1	13	731
16	0	16	573
16	0	16	874
16	1	19	639
16	0	16	535
16	0	16	1240
16	1	1	743
16	1	1	199
16	0	16	2610
16	1	19	2159
16	0	16	1202
16	0	16	2430
16	0	16	982
16	0	16	1779
16	1	1	1234
16	0	16	1533
16	1	1	746
16	0	16	1896
16	1	18	969
16	1	4	863
16	1	1	1268
16	1	1	1337
16	0	16	1832
16	0	16	1587
16	1	3	413
16	1	1	1494
16	1	1	1363
16	1	3	1467
16	1	13	1316
16	0	16	468
16	0	16	570
16	0	16	2042
16	0	16	1092
16	0	16	1813
16	0	16	1877
16	1	13	1400
16	0	16	262
16	1	12	1217
16	0	16	1716
16	0	16	1892
16	0	16	1990
16	0	16	695
16	0	16	1049
16	1	4	247
16	0	16	2115
16	1	3	2501
16	0	16	808
16	0	16	769
16	0	16	947
16	0	16	2672
16	1	3	361
16	0	16	2612
16	1	3	443
16	1	13	2647
16	0	16	101
16	0	16	2483
16	0	16	2926
16	1	1	2618
16	0	16	2514
16	1	4	875
16	0	16	288
16	1	13	2957
16	0	16	2121
16	1	1	1776
16	1	1	1752
16	0	16	2498
16	0	16	2249
16	1	4	1994
16	0	16	2246
16	0	16	1261
16	0	16	1818
16	0	16	1969
16	0	16	1224
16	0	16	1819
16	0	16	2737
16	0	16	2332
16	1	2	2975
16	0	16	615
16	0	16	2622
16	0	16	1945
16	0	16	849
16	0	16	40
16	0	16	914
16	0	16	1310
16	0	16	582
16	1	19	1391
16	1	17	1973
16	1	1	301
16	1	17	2652
16	1	14	1119
16	0	16	2864
16	1	4	1961
16	0	16	1098
16	0	16	371
16	0	16	179
16	0	16	968
16	0	16	817
16	1	3	993
16	0	16	2836
16	1	10	620
16	1	12	2910
16	0	16	2215
16	1	19	548
16	0	16	2204
16	0	16	1069
16	1	19	1280
16	1	13	1345
16	0	16	476
16	0	16	1540
16	1	4	765
16	1	19	60
16	1	3	432
16	1	1	1741
16	1	13	1543
16	1	17	823
16	0	16	1701
16	0	16	2549
16	1	3	2319
16	1	13	2963
16	1	1	899
16	1	1	2864
16	1	3	444
16	1	1	25
16	0	16	1020
16	1	17	633
16	0	16	1601
16	0	16	1838
16	1	4	532
16	0	16	899
16	1	3	1079
16	1	1	1415
16	1	3	2371
16	0	16	456
16	1	19	2070
16	0	16	2062
16	1	1	2092
16	0	16	2511
16	0	16	2235
16	1	1	97
16	1	1	111
16	1	13	393
16	1	13	2954
16	0	16	2053
16	1	4	1877
16	0	16	248
16	1	1	921
16	0	16	1593
16	0	16	1571
16	0	16	886
16	0	16	2903
16	0	16	1414
16	1	1	909
16	1	13	1228
16	1	4	956
16	0	16	2742
16	1	3	209
16	0	16	2892
16	1	4	769
16	1	19	728
16	0	16	2201
16	1	4	761
16	1	3	212
16	1	1	1421
16	0	16	1629
16	0	16	1340
16	1	17	1674
16	0	16	2401
16	1	3	2434
16	1	13	1066
16	0	16	1652
16	0	16	2357
16	0	16	2805
16	0	16	794
16	1	3	1657
16	0	16	2753
16	1	4	844
16	0	16	380
16	0	16	136
16	0	16	356
16	1	19	1579
16	0	16	1392
16	0	16	1868
16	0	16	2879
16	0	16	1060
16	1	1	2040
16	1	1	2180
16	0	16	485
16	0	16	1382
16	0	16	69
16	1	4	516
16	1	3	509
16	1	3	433
16	1	1	10
16	1	3	600
16	0	16	155
16	0	16	2404
16	0	16	1814
16	0	16	1739
16	1	1	2192
16	0	16	2826
16	1	3	446
16	0	16	1259
16	1	12	2351
16	1	0	631
16	1	1	2723
16	1	19	353
16	0	16	2641
16	0	16	520
16	0	16	1466
16	0	16	342
16	1	3	2465
16	0	16	1699
16	0	16	1937
16	1	4	169
16	0	16	2965
16	1	12	2929
16	0	16	1480
16	1	4	2027
16	0	16	1216
16	1	13	464
16	1	13	2714
16	0	16	2260
16	1	1	288
16	0	16	2475
16	1	1	2752
16	0	16	761
16	0	16	1507
16	1	5	1098
16	1	3	2422
16	1	3	205
16	0	16	1308
16	1	1	328
16	1	3	517
16	1	1	683
16	1	4	1797
16	0	16	2871
16	1	13	2720
16	1	19	2166
16	1	1	1352
16	0	16	1356
16	0	16	2650
16	0	16	1873
16	0	16	2550
16	1	13	385
16	1	4	250
16	1	3	2782
16	1	12	2661
16	0	16	2678
16	0	16	2393
16	1	3	422
16	0	16	2553
16	1	13	2139
16	0	16	315
16	0	16	1127
16	1	11	1213
16	0	16	678
16	0	16	251
16	1	4	764
16	0	16	250
16	0	16	2372
16	1	1	200
16	1	4	260
16	0	16	1543
16	0	16	744
16	0	16	2355
16	0	16	1113
16	1	19	2075
16	1	3	2446
16	0	16	1584
16	1	3	527
16	0	16	2031
16	0	16	2098
16	0	16	657
16	1	13	392
16	0	16	628
16	0	16	1539
16	1	3	510
16	0	16	439
16	1	1	236
16	0	16	721
16	0	16	1613
16	0	16	1777
16	1	4	2240
16	0	16	2557
16	1	4	1525
16	0	16	2361
16	1	1	1771
16	0	16	2105
16	1	1	78
16	1	3	2494
16	0	16	2040
16	0	16	2452
16	1	4	1856
16	1	13	394
16	0	16	2860
16	1	1	2751
16	1	1	1515
16	0	16	1894
16	0	16	589
16	0	16	2851
16	0	16	1171
16	0	16	157
