16	0	3	2804
16	0	12	2945
16	0	3	411
16	0	11	2818
16	0	13	2964
16	0	4	1839
16	0	4	1626
16	0	12	2546
16	0	13	651
16	0	14	1113
16	0	4	1019
16	0	4	253
16	0	3	1644
16	0	1	2183
16	0	1	1494
16	0	3	2553
16	0	1	238
16	0	4	1804
16	0	12	2934
16	0	1	305
16	0	13	2062
16	0	1	2184
16	0	19	2264
16	0	1	317
16	0	1	2852
16	0	1	279
16	0	19	41
16	0	1	1235
16	0	9	614
16	0	1	118
16	0	3	424
16	0	1	1266
16	0	19	48
16	0	3	367
16	0	3	1075
16	0	1	164
16	0	1	1487
16	0	3	368
16	0	4	2017
16	0	1	939
16	0	3	2376
16	0	13	1316
16	0	1	747
16	0	13	1065
16	0	1	85
16	0	1	168
16	0	3	224
16	0	7	1165
16	0	3	2380
16	0	1	1826
16	0	4	228
16	0	19	2059
16	0	17	1974
16	0	1	753
16	0	1	298
16	0	1	743
16	0	4	1525
16	0	12	2921
16	0	13	394
16	0	1	309
16	0	13	1226
16	0	1	1901
16	0	13	714
16	0	13	2958
16	0	3	2518
16	0	12	2936
16	0	13	2068
16	0	3	2392
16	0	4	2240
16	0	1	930
16	0	13	2129
16	0	17	822
16	0	1	2265
16	0	4	966
16	0	3	2295
16	0	1	273
16	0	13	1224
16	0	5	1200
16	0	0	629
16	0	1	928
16	0	1	1760
16	0	5	1085
16	0	3	518
16	0	1	2041
16	0	1	1234
16	0	1	2142
16	0	3	2506
16	0	1	1737
16	0	1	801
16	0	1	1558
16	0	4	2020
16	0	1	1859
16	0	3	1844
16	0	3	2571
16	0	19	1575
16	0	3	2554
16	0	13	653
16	0	3	2360
16	0	13	2896
16	0	1	81
16	0	3	2805
16	0	9	1212
16	0	3	2496
16	0	4	2000
16	0	3	2597
16	0	3	429
16	0	1	288
16	0	13	1397
16	0	4	761
16	0	4	1010
16	0	1	2771
16	0	1	742
16	0	7	1139
16	0	3	1954
16	0	4	260
16	0	3	2567
16	0	13	2608
16	0	13	2680
16	0	19	1307
16	0	1	1828
16	0	17	2342
16	0	1	1706
16	0	7	1168
16	0	1	426
16	0	1	198
16	0	3	2477
16	0	19	2744
16	0	4	1836
16	0	3	1651
16	0	3	1648
16	0	4	1718
16	0	13	1367
16	0	17	2814
16	0	3	451
16	0	1	1323
16	0	1	1042
16	0	3	2405
16	0	1	1246
16	0	13	1290
16	0	13	459
16	0	1	1041
16	0	13	2673
16	0	4	1874
16	0	1	2201
16	0	1	820
16	0	19	45
16	0	1	1268
16	0	3	2424
16	0	13	670
16	0	3	221
16	0	4	1431
16	0	1	2624
16	0	19	2754
16	0	13	390
16	0	3	2493
16	0	3	2538
16	0	19	2168
16	0	3	2483
16	0	3	2311
16	0	1	2241
16	0	4	2034
16	0	13	2687
16	0	13	2198
16	0	3	2468
16	0	3	1667
16	0	15	1161
16	0	9	1207
16	0	7	1128
16	0	1	2118
16	0	3	2584
16	0	1	1604
16	0	1	2121
16	0	19	32
16	0	4	880
16	0	1	1360
16	0	19	1573
16	0	4	768
16	0	4	885
16	0	4	957
16	0	3	2578
16	0	1	78
16	0	13	2897
16	0	19	2058
16	0	19	1574
16	0	3	216
16	0	1	27
16	0	4	536
16	0	1	2248
16	0	13	2199
16	0	1	2848
16	0	3	2409
16	0	13	2705
16	0	1	293
16	0	1	1881
16	0	13	647
16	0	1	12
16	0	1	2772
16	0	17	718
16	0	1	1554
16	0	4	192
16	0	3	1653
16	0	1	1403
16	0	1	2849
16	0	3	2809
16	0	3	2362
16	0	3	218
16	0	4	888
16	0	1	1338
16	0	1	90
16	0	4	1939
16	0	1	2967
16	0	5	1185
16	0	1	333
16	0	1	1825
16	0	1	232
16	0	1	2857
16	0	17	1965
16	0	4	1015
16	0	4	1915
16	0	3	2304
16	0	12	2356
16	0	1	816
16	0	1	1703
16	0	1	261
16	0	4	251
16	0	3	1074
16	0	13	104
16	0	4	774
16	0	1	2123
16	0	1	1506
16	0	13	709
16	0	1	125
16	0	3	372
16	0	3	2421
16	0	13	2699
16	0	4	1813
16	0	4	1873
16	0	3	209
16	0	1	756
16	0	19	151
16	0	19	67
16	0	1	1324
16	0	1	241
16	0	1	1508
16	0	17	1470
16	0	3	1953
16	0	1	805
16	0	7	1140
16	0	19	2074
16	0	1	311
16	0	1	1352
16	0	3	501
16	0	4	259
16	0	1	948
16	0	7	1095
16	0	3	2521
16	0	3	2802
16	0	19	44
16	0	3	2374
16	0	3	2491
16	0	17	1978
16	0	1	338
16	0	19	1279
16	0	3	1657
16	0	4	1853
16	0	1	557
16	0	5	1088
16	0	12	1217
16	0	4	1913
16	0	13	2696
16	0	1	2088
16	0	13	1443
16	0	1	909
16	0	19	58
16	0	13	486
16	0	3	1647
16	0	1	98
16	0	1	1868
16	0	12	1220
16	0	4	858
16	0	1	945
16	0	3	2367
16	0	4	2030
16	0	19	2753
16	0	3	2300
16	0	4	1801
16	0	5	1180
16	0	4	170
16	0	1	1560
16	0	1	1404
16	0	5	1182
16	0	13	2641
16	0	17	1679
16	0	19	548
16	0	3	604
16	0	4	1989
16	0	4	2013
16	0	13	655
16	0	3	1446
16	0	3	1663
16	0	13	1434
16	0	5	1181
16	0	3	2475
16	0	1	552
16	0	3	412
16	0	1	2102
16	0	1	700
16	0	4	767
16	0	1	1043
16	0	1	325
16	0	3	2384
16	0	1	755
16	0	3	2515
16	0	7	1132
16	0	13	1441
16	0	13	1459
16	0	1	2134
16	0	17	2832
16	0	3	2436
16	0	17	1673
16	0	12	2660
16	0	1	2037
16	0	5	1090
16	0	9	1205
16	0	1	2192
16	0	1	1754
16	0	8	1158
16	0	1	1411
16	0	5	1091
16	0	1	427
16	0	7	1134
16	0	3	2580
16	0	4	764
16	0	4	968
16	0	13	2685
16	0	4	1688
16	0	1	264
16	0	1	2243
16	0	13	2137
16	0	3	1649
16	0	3	2461
16	0	1	1500
16	0	13	2870
16	0	17	2842
16	0	4	1896
16	0	3	504
16	0	13	737
16	0	1	1600
16	0	3	2577
16	0	4	225
16	0	4	874
16	0	4	977
16	0	1	287
16	0	12	2351
16	0	19	33
16	0	13	2874
16	0	1	1534
16	0	4	1040
16	0	3	2235
16	0	1	558
16	0	3	2433
16	0	12	2657
16	0	17	828
16	0	1	1725
16	0	1	1903
16	0	9	610
16	0	3	2559
16	0	1	2856
16	0	1	1501
16	0	3	2557
16	0	12	2270
16	0	4	765
16	0	4	887
16	0	1	2617
16	0	1	1248
16	0	3	1642
16	0	3	2228
16	0	13	2701
16	0	4	1032
16	0	3	2535
16	0	4	1799
16	0	19	1277
16	0	13	2132
16	0	1	1794
16	0	1	1605
16	0	3	2186
16	0	1	2039
16	0	3	365
16	0	1	336
16	0	12	2923
16	0	3	607
16	0	1	77
16	0	1	781
16	0	1	1415
16	0	1	96
16	0	1	572
16	0	3	1076
16	0	3	2329
16	0	1	1897
16	0	19	1306
16	0	1	919
16	0	4	2019
16	0	4	531
16	0	8	985
16	0	12	2926
16	0	3	435
16	0	4	1812
16	0	7	1125
16	0	4	863
16	0	1	564
16	0	3	2432
16	0	3	1952
16	0	4	775
16	0	3	2581
16	0	1	2174
16	0	13	2126
16	0	1	2769
16	0	4	1802
16	0	3	445
16	0	1	925
16	0	3	2444
16	0	5	1193
16	0	1	1792
16	0	1	1776
16	0	4	183
16	0	3	2592
16	0	3	2513
16	0	1	1046
16	0	12	2911
16	0	1	162
16	0	1	1028
16	0	3	1466
16	0	4	226
16	0	18	969
16	0	4	762
16	0	19	36
16	0	3	215
16	0	4	175
16	0	13	2708
16	0	3	420
16	0	4	1927
16	0	13	2573
16	0	3	1652
16	0	1	936
16	0	13	352
16	0	14	1116
16	0	3	2370
16	0	3	2552
16	0	3	442
16	0	1	563
16	0	4	868
16	0	13	2647
16	0	13	380
16	0	1	1883
16	0	1	2153
16	0	4	1925
16	0	13	1906
16	0	1	278
16	0	0	631
16	0	13	679
16	0	1	2208
16	0	13	469
16	0	1	1864
16	0	13	56
16	0	13	1477
16	0	1	1374
16	0	12	2664
16	0	13	464
16	0	1	1412
16	0	13	1289
16	0	3	1658
16	0	4	1807
16	0	3	2386
16	0	4	889
16	0	1	1741
16	0	1	2122
16	0	1	1698
16	0	4	1
16	0	1	1747
16	0	3	2371
16	0	3	1650
16	0	14	1111
16	0	12	2952
16	0	13	2902
16	0	3	1077
16	0	3	401
16	0	1	561
16	0	3	1079
16	0	1	782
16	0	1	2124
16	0	13	1346
16	0	13	465
16	0	13	2957
16	0	4	884
16	0	4	983
16	0	19	158
16	0	13	2692
16	0	3	2299
16	0	19	2162
16	0	4	1961
16	0	13	62
16	0	13	1692
16	0	17	829
16	0	3	2369
16	0	4	984
16	0	1	2092
16	0	13	675
16	0	12	2942
16	0	3	2435
16	0	1	1502
16	0	3	2779
16	0	3	2541
16	0	3	402
16	0	1	124
16	0	13	488
16	0	3	1438
16	0	1	1523
16	0	4	1855
16	0	3	1645
16	0	1	1860
16	0	4	965
16	0	14	1110
16	0	19	356
16	0	13	2127
16	0	13	2684
16	0	3	2498
16	0	4	1988
16	0	13	485
16	0	13	1586
16	0	3	2366
16	0	1	580
16	0	13	2648
16	0	3	2540
16	0	4	190
16	0	13	55
16	0	13	2281
16	0	4	759
16	0	14	1105
16	0	19	35
16	0	1	2889
16	0	13	2637
16	0	13	732
16	0	4	1920
16	0	12	2943
16	0	4	2032
16	0	1	2194
16	0	12	2915
16	0	1	2144
16	0	7	1166
16	0	3	369
16	0	17	1976
16	0	4	1007
16	0	13	1294
16	0	1	281
16	0	5	1184
16	0	1	1557
16	0	3	2785
16	0	3	2223
16	0	3	220
16	0	1	2113
16	0	1	1781
16	0	13	2694
16	0	1	15
16	0	1	2732
16	0	1	1595
16	0	13	393
16	0	19	1389
16	0	13	1347
16	0	13	2903
16	0	4	2003
16	0	13	739
16	0	4	976
16	0	4	1991
16	0	19	1388
16	0	1	1498
16	0	19	1566
16	0	3	1622
16	0	3	1944
16	0	13	1436
16	0	4	1823
16	0	3	597
16	0	4	883
16	0	1	1550
16	0	3	2335
16	0	13	1231
16	0	1	1707
16	0	2	2974
16	0	3	608
16	0	11	1216
16	0	1	898
16	0	19	2737
16	0	14	1108
16	0	3	2783
16	0	1	274
16	0	4	530
16	0	1	262
16	0	3	444
16	0	19	2258
16	0	8	1151
16	0	1	314
16	0	1	926
16	0	1	1409
16	0	13	2956
16	0	4	227
16	0	1	72
16	0	1	1549
16	0	12	2931
16	0	12	1219
16	0	4	1875
16	0	1	920
16	0	19	2159
16	0	1	2764
16	0	1	802
16	0	19	728
16	0	13	1682
16	0	1	853
16	0	4	1627
16	0	13	140
16	0	3	2806
16	0	6	1204
16	0	3	2437
16	0	4	1039
16	0	1	903
16	0	19	721
16	0	1	1244
16	0	3	584
16	0	4	516
16	0	1	266
16	0	1	2890
16	0	13	2690
16	0	4	3
16	0	8	1157
16	0	13	1225
16	0	3	2543
16	0	1	2097
16	0	17	836
16	0	13	1480
16	0	1	814
16	0	1	901
16	0	3	2417
16	0	8	987
16	0	1	320
16	0	1	900
16	0	13	61
16	0	1	271
16	0	1	793
16	0	3	2504
16	0	13	1221
16	0	1	1369
16	0	1	2858
16	0	13	1059
16	0	3	207
16	0	13	2880
16	0	3	430
16	0	13	1055
16	0	3	1465
16	0	1	1858
16	0	1	915
16	0	13	1395
16	0	17	2816
16	0	13	2291
16	0	1	1866
16	0	1	574
16	0	1	2621
16	0	1	89
16	0	1	1418
16	0	3	2462
16	0	1	1337
16	0	1	571
16	0	1	2246
16	0	3	2449
16	0	4	2023
16	0	8	1143
16	0	13	1690
16	0	1	1258
16	0	1	787
16	0	3	2482
16	0	13	740
16	0	5	1177
16	0	1	201
16	0	13	389
16	0	3	1948
16	0	3	416
16	0	3	2390
16	0	4	864
16	0	4	1033
16	0	3	2539
16	0	1	810
16	0	3	2399
16	0	1	1778
16	0	1	1561
16	0	4	1003
16	0	1	2114
16	0	1	1376
16	0	1	269
16	0	17	1469
16	0	1	1900
16	0	3	1073
16	0	4	1931
16	0	1	933
16	0	4	860
16	0	3	2517
16	0	1	811
16	0	1	1503
16	0	1	1820
16	0	4	882
16	0	13	2865
16	0	4	2239
16	0	13	2867
16	0	1	687
16	0	1	2212
16	0	3	2487
16	0	19	1310
16	0	4	963
16	0	3	497
16	0	4	773
16	0	3	2791
16	0	12	2939
16	0	1	783
16	0	1	1759
16	0	13	2065
16	0	12	2250
16	0	1	1504
16	0	3	2310
16	0	3	2313
16	0	1	2721
16	0	4	1022
16	0	1	0
16	0	1	1898
16	0	4	1914
16	0	4	1850
16	0	1	7
16	0	1	2189
16	0	13	388
16	0	19	2742
16	0	3	1955
16	0	11	1215
16	0	17	824
16	0	13	2710
16	0	4	1020
16	0	17	2837
16	0	1	800
16	0	1	1486
16	0	19	153
16	0	1	2632
16	0	3	2330
16	0	1	1328
16	0	1	2191
16	0	3	2415
16	0	13	2640
16	0	13	345
16	0	4	1891
16	0	7	1173
16	0	1	235
16	0	12	2914
16	0	13	2714
16	0	1	1777
16	0	13	493
16	0	3	454
16	0	1	111
16	0	17	2840
16	0	13	668
16	0	7	1138
16	0	1	2633
16	0	3	2463
16	0	13	1068
16	0	1	575
16	0	13	2286
16	0	1	1514
16	0	1	99
16	0	1	1344
16	0	19	43
16	0	1	1752
16	0	4	246
16	0	1	1885
16	0	13	1084
16	0	3	2599
16	0	4	848
16	0	4	179
16	0	13	1054
16	0	1	128
16	0	1	1257
16	0	1	2625
16	0	12	2547
16	0	1	1317
16	0	1	562
16	0	3	2373
16	0	3	2797
16	0	3	1640
16	0	3	440
16	0	12	2948
16	0	12	2350
16	0	1	1343
16	0	1	1610
16	0	5	1188
16	0	13	731
16	0	12	2658
16	0	3	403
16	0	17	1977
16	0	13	385
16	0	12	2918
16	0	19	39
16	0	19	2738
16	0	1	784
16	0	1	1325
16	0	13	2907
16	0	1	330
16	0	1	2972
16	0	8	1149
16	0	5	990
16	0	13	2953
16	0	1	2863
16	0	8	988
16	0	19	1490
16	0	1	570
16	0	1	2090
16	0	3	2485
16	0	13	2604
16	0	3	1656
16	0	1	2855
16	0	19	1299
16	0	1	2752
16	0	1	696
16	0	19	640
16	0	1	1770
16	0	1	1769
16	0	1	2631
16	0	4	2011
16	0	13	2683
16	0	4	538
16	0	3	2586
16	0	13	386
16	0	1	1608
16	0	1	161
16	0	1	166
16	0	3	2550
16	0	19	2736
16	0	3	1445
16	0	3	2807
16	0	3	2368
16	0	1	1320
16	0	5	991
16	0	19	2079
16	0	3	2297
16	0	1	1519
16	0	1	2636
16	0	1	1763
16	0	13	654
16	0	17	2649
16	0	12	2256
16	0	13	381
16	0	3	456
16	0	12	625
16	0	19	68
16	0	4	1031
16	0	3	1632
16	0	1	904
16	0	19	2759
16	0	19	29
16	0	1	923
16	0	19	1379
16	0	19	2160
16	0	13	1584
16	0	13	290
16	0	3	453
16	0	4	981
16	0	3	2503
16	0	3	2294
16	0	1	1547
16	0	4	982
16	0	13	730
16	0	19	2755
16	0	4	194
16	0	1	2044
16	0	13	346
16	0	4	1937
16	0	3	2225
16	0	3	2395
16	0	17	825
16	0	3	2565
16	0	1	200
16	0	13	2703
16	0	19	1304
16	0	1	2120
16	0	1	2215
16	0	1	941
16	0	13	481
16	0	1	323
16	0	17	1671
16	0	4	850
16	0	13	392
16	0	3	2501
16	0	13	51
16	0	4	1963
16	0	12	2280
16	0	4	1717
16	0	3	2298
16	0	3	2447
16	0	13	463
16	0	3	222
16	0	19	722
16	0	1	2268
16	0	3	443
16	0	12	2933
16	0	3	219
16	0	1	2156
16	0	1	335
16	0	13	1541
16	0	4	978
16	0	3	206
16	0	12	2252
16	0	3	2439
16	0	4	2036
16	0	7	1093
16	0	4	173
16	0	3	2230
16	0	7	1175
16	0	4	1803
16	0	9	1209
16	0	3	431
16	0	3	592
16	0	4	188
16	0	1	203
16	0	13	2066
16	0	3	1660
16	0	1	312
16	0	3	415
16	0	3	404
16	0	1	2609
16	0	12	2937
16	0	1	1830
16	0	19	66
16	0	3	510
16	0	13	133
16	0	19	355
16	0	19	2163
16	0	13	2747
16	0	17	833
16	0	13	2288
16	0	1	751
16	0	12	2354
16	0	13	360
16	0	1	790
16	0	4	1894
16	0	3	508
16	0	13	472
16	0	1	306
16	0	13	1912
16	0	3	2340
16	0	19	155
16	0	17	1968
16	0	1	1694
16	0	1	1740
16	0	13	1908
16	0	13	1460
16	0	3	2811
16	0	1	28
16	0	1	117
16	0	1	286
16	0	1	1322
16	0	3	2469
16	0	13	2644
16	0	13	2130
16	0	3	2385
16	0	1	2178
16	0	17	1675
16	0	1	2182
16	0	1	894
16	0	4	2029
16	0	12	2941
16	0	19	2734
16	0	13	2693
16	0	13	1057
16	0	3	2302
16	0	15	1162
16	0	13	116
16	0	13	378
16	0	13	2671
16	0	1	2892
16	0	13	400
16	0	3	2308
16	0	1	1795
16	0	13	397
16	0	3	2379
16	0	1	2767
16	0	1	2216
16	0	1	1407
16	0	3	449
16	0	17	2843
16	0	1	1748
16	0	19	637
16	0	17	2830
16	0	1	295
16	0	13	2698
16	0	3	2377
16	0	4	256
16	0	3	1635
16	0	11	2821
16	0	13	1050
16	0	4	1922
16	0	1	310
16	0	7	1121
16	0	4	1430
16	0	5	989
16	0	1	812
16	0	1	1353
16	0	4	1822
16	0	6	1202
16	0	17	1979
16	0	13	1544
16	0	1	910
16	0	3	2522
16	0	13	2672
16	0	13	2287
16	0	7	1133
16	0	4	177
16	0	13	462
16	0	4	1918
16	0	19	57
16	0	3	1662
16	0	12	2662
16	0	1	341
16	0	1	854
16	0	3	2188
16	0	19	1303
16	0	13	661
16	0	19	639
16	0	1	1047
16	0	13	2748
16	0	4	2007
16	0	1	123
16	0	1	2110
16	0	4	249
16	0	3	213
16	0	3	2318
16	0	1	2104
16	0	17	834
16	0	1	1862
16	0	4	1024
16	0	1	2181
16	0	4	2009
16	0	2	2975
16	0	1	1520
16	0	9	616
16	0	13	1382
16	0	3	2593
16	0	1	895
16	0	3	2319
16	0	13	398
16	0	5	1099
16	0	1	2244
16	0	4	876
16	0	4	1981
16	0	1	2148
16	0	3	452
16	0	1	1481
16	0	3	2387
16	0	13	2670
16	0	1	322
16	0	1	1424
16	0	1	1263
16	0	3	371
16	0	4	1029
16	0	4	1895
16	0	1	908
16	0	1	1768
16	0	1	121
16	0	1	265
16	0	4	2005
16	0	3	2234
16	0	1	1705
16	0	1	1357
16	0	3	439
16	0	18	972
16	0	12	2275
16	0	1	927
16	0	1	1564
16	0	1	1327
16	0	1	1793
16	0	1	2154
16	0	17	1966
16	0	12	2944
16	0	4	1721
16	0	12	2654
16	0	1	1334
16	0	4	2456
16	0	4	2010
16	0	4	1806
16	0	3	2600
16	0	4	1893
16	0	1	1236
16	0	1	2971
16	0	1	2864
16	0	4	2454
16	0	1	9
16	0	3	2309
16	0	3	2381
16	0	4	1625
16	0	1	119
16	0	13	652
16	0	13	467
16	0	4	776
16	0	3	2481
16	0	17	826
16	0	13	715
16	0	4	1529
16	0	1	2096
16	0	1	284
16	0	13	2289
16	0	3	2798
16	0	13	468
16	0	13	2688
16	0	3	1946
16	0	1	1044
16	0	1	1602
16	0	1	1861
16	0	13	711
16	0	1	126
16	0	3	2442
16	0	3	2523
16	0	3	2412
16	0	13	665
16	0	17	2825
16	0	1	2094
16	0	19	160
16	0	4	1722
16	0	3	1623
16	0	13	2899
16	0	8	1154
16	0	13	2576
16	0	1	1499
16	0	1	1048
16	0	13	2707
16	0	4	1719
16	0	3	1621
16	0	13	1461
16	0	9	613
16	0	3	437
16	0	19	1297
16	0	13	2681
16	0	13	2868
16	0	13	480
16	0	3	362
16	0	13	484
16	0	1	1274
16	0	1	2634
16	0	13	2884
16	0	4	1872
16	0	14	1101
16	0	17	830
16	0	13	2877
16	0	7	1176
16	0	19	60
16	0	4	2006
16	0	3	2375
16	0	1	2751
16	0	1	1372
16	0	4	1809
16	0	17	831
16	0	1	1335
16	0	4	964
16	0	12	2271
16	0	1	1319
16	0	8	1142
16	0	13	650
16	0	13	2955
16	0	3	2789
16	0	1	1887
16	0	17	835
16	0	4	871
16	0	3	2560
16	0	3	2801
16	0	19	2157
16	0	1	1599
16	0	19	132
16	0	4	254
16	0	13	2675
16	0	13	2614
16	0	1	1272
16	0	13	2873
16	0	3	582
16	0	3	1449
16	0	1	2204
16	0	1	1548
16	0	12	2946
16	0	17	1969
16	0	4	181
16	0	3	2404
16	0	1	2762
16	0	1	24
16	0	1	796
16	0	13	54
16	0	13	2607
16	0	1	1619
16	0	4	2
16	0	1	799
16	0	17	2841
16	0	3	1629
16	0	19	1278
16	0	1	1326
16	0	3	2473
16	0	3	2358
16	0	12	2353
16	0	13	2712
16	0	19	545
16	0	1	1700
16	0	3	1949
16	0	1	2628
16	0	1	340
16	0	1	2149
16	0	3	542
16	0	13	664
16	0	1	1484
16	0	4	1017
16	0	17	719
16	0	13	657
16	0	1	2765
16	0	3	2488
16	0	4	532
16	0	13	1366
16	0	3	2583
16	0	3	1448
16	0	1	1239
16	0	13	2704
16	0	1	1772
16	0	3	517
16	0	3	1945
16	0	1	921
16	0	3	2303
16	0	3	2383
16	0	4	1037
16	0	4	1996
16	0	3	2226
16	0	5	1100
16	0	1	1764
16	0	4	1960
16	0	4	1987
16	0	1	296
16	0	1	749
16	0	13	1223
16	0	1	297
16	0	1	1750
16	0	1	685
16	0	3	211
16	0	13	2720
16	0	13	2871
16	0	13	2878
16	0	3	1947
16	0	13	1348
16	0	1	202
16	0	13	2613
16	0	1	1730
16	0	1	280
16	0	13	399
16	0	1	754
16	0	1	2612
16	0	1	2109
16	0	13	2615
16	0	4	1030
16	0	3	1451
16	0	7	1136
16	0	3	450
16	0	1	1749
16	0	4	1940
16	0	1	698
16	0	1	2173
16	0	19	2075
16	0	4	513
16	0	1	163
16	0	1	907
16	0	4	958
16	0	13	2138
16	0	1	1413
16	0	19	141
16	0	13	1384
16	0	17	1971
16	0	13	2718
16	0	3	2357
16	0	1	704
16	0	19	2740
16	0	1	18
16	0	1	329
16	0	19	2158
16	0	3	455
16	0	19	2259
16	0	1	1556
16	0	13	482
16	0	3	2219
16	0	4	861
16	0	4	845
16	0	1	319
16	0	3	511
16	0	3	2792
16	0	19	2171
16	0	3	2464
16	0	1	275
16	0	3	2530
16	0	19	1571
16	0	19	42
16	0	13	292
16	0	1	1330
16	0	12	2279
16	0	4	176
16	0	4	1798
16	0	13	1230
16	0	13	1285
16	0	13	2666
16	0	19	1281
16	0	13	1543
16	0	13	1510
16	0	19	1280
16	0	1	579
16	0	1	1408
16	0	1	681
16	0	13	63
16	0	4	1036
16	0	1	1593
16	0	4	870
16	0	1	569
16	0	19	706
16	0	3	406
16	0	1	929
16	0	13	2715
16	0	13	676
16	0	4	2022
16	0	1	95
16	0	1	2117
16	0	13	347
16	0	3	2509
16	0	4	1890
16	0	13	1462
16	0	1	1241
16	0	1	1761
16	0	3	2443
16	0	8	1160
16	0	17	634
16	0	1	2143
16	0	4	2238
16	0	3	2520
16	0	1	2099
16	0	4	953
16	0	13	2887
16	0	1	1757
16	0	13	713
16	0	19	1284
16	0	1	294
16	0	19	150
16	0	11	1214
16	0	12	2947
16	0	1	1026
16	0	3	602
16	0	12	2273
16	0	10	620
16	0	1	1736
16	0	1	935
16	0	1	1351
16	0	17	821
16	0	13	289
16	0	1	2766
16	0	3	2440
16	0	3	2427
16	0	4	2008
16	0	1	1515
16	0	13	391
16	0	13	2601
16	0	1	301
16	0	4	247
16	0	4	1923
16	0	13	461
16	0	13	1061
16	0	1	741
16	0	13	1229
16	0	3	596
16	0	1	702
16	0	1	1238
16	0	1	239
16	0	1	2618
16	0	12	644
16	0	13	2045
16	0	1	1402
16	0	1	573
16	0	3	1668
16	0	3	2775
16	0	3	594
16	0	4	852
16	0	1	1818
16	0	1	1485
16	0	13	2061
16	0	7	1174
16	0	7	1137
16	0	3	2587
16	0	12	2916
16	0	3	414
16	0	17	635
16	0	4	2004
16	0	1	1356
16	0	1	1247
16	0	13	2140
16	0	19	2161
16	0	4	879
16	0	19	1311
16	0	13	376
16	0	19	2760
16	0	17	1670
16	0	3	589
16	0	19	1377
16	0	17	2815
16	0	4	2026
16	0	4	1023
16	0	3	2790
16	0	1	1329
16	0	4	843
16	0	12	628
16	0	1	699
16	0	4	1835
16	0	4	1878
16	0	1	1695
16	0	1	1733
16	0	1	2116
16	0	5	1183
16	0	4	2024
16	0	1	1555
16	0	1	1233
16	0	4	967
16	0	3	2564
16	0	13	2642
16	0	4	998
16	0	4	1724
16	0	4	1992
16	0	1	2847
16	0	17	1674
16	0	4	866
16	0	13	735
16	0	17	2828
16	0	3	405
16	0	1	2213
16	0	3	1950
16	0	1	785
16	0	13	49
16	0	1	1269
16	0	13	2960
16	0	4	180
16	0	13	474
16	0	19	1577
16	0	17	2836
16	0	13	733
16	0	1	1259
16	0	1	1738
16	0	4	1531
16	0	13	1442
16	0	4	1924
16	0	13	349
16	0	1	1787
16	0	12	2925
16	0	13	489
16	0	13	1684
16	0	1	1817
16	0	3	2305
16	0	1	2891
16	0	4	1854
16	0	1	1618
16	0	13	2963
16	0	1	911
16	0	8	1141
16	0	3	1843
16	0	1	428
16	0	1	2846
16	0	13	663
16	0	3	2394
16	0	3	2800
16	0	19	1572
16	0	4	1838
16	0	1	2040
16	0	12	2254
16	0	3	1452
16	0	7	1167
16	0	13	1394
16	0	3	2778
16	0	1	2051
16	0	4	1797
16	0	13	2131
16	0	4	533
16	0	14	1106
16	0	3	2438
16	0	1	1363
16	0	3	1654
16	0	9	1208
16	0	1	902
16	0	1	1359
16	0	1	1867
16	0	4	1811
16	0	1	2630
16	0	12	2545
16	0	3	2572
16	0	1	2086
16	0	19	726
16	0	13	2645
16	0	3	2502
16	0	1	788
16	0	1	578
16	0	19	152
16	0	7	1131
16	0	3	432
16	0	3	512
16	0	14	1118
16	0	1	693
16	0	12	2938
16	0	13	2668
16	0	4	184
16	0	1	1789
16	0	3	2396
16	0	1	1863
16	0	1	321
16	0	19	59
16	0	1	1766
16	0	3	1467
16	0	3	522
16	0	13	1052
16	0	12	2255
16	0	3	526
16	0	1	1249
16	0	3	1643
16	0	12	2355
16	0	1	2731
16	0	13	487
16	0	1	2049
16	0	3	2558
16	0	4	1821
16	0	1	1264
16	0	1	242
16	0	13	136
16	0	8	1145
16	0	17	2344
16	0	17	2833
16	0	4	185
16	0	3	433
16	0	12	2272
16	0	13	2900
16	0	13	351
16	0	19	1580
16	0	1	1349
16	0	1	1699
16	0	1	343
16	0	7	1191
16	0	3	2799
16	0	4	2021
16	0	1	234
16	0	13	1365
16	0	1	308
16	0	19	157
16	0	1	1739
16	0	13	1383
16	0	4	1847
16	0	1	2728
16	0	1	2970
16	0	19	546
16	0	4	1848
16	0	1	1615
16	0	13	1400
16	0	1	942
16	0	1	2133
16	0	1	2108
16	0	4	891
16	0	14	1104
16	0	4	1849
16	0	8	1155
16	0	3	994
16	0	19	1576
16	0	4	1929
16	0	13	1296
16	0	1	2152
16	0	3	2591
16	0	4	886
16	0	3	524
16	0	4	780
16	0	1	1358
16	0	3	2511
16	0	1	1242
16	0	1	1533
16	0	1	236
16	0	3	2773
16	0	1	1753
16	0	1	1265
16	0	1	1332
16	0	1	1252
16	0	3	2334
16	0	1	1829
16	0	3	2533
16	0	13	492
16	0	1	167
16	0	4	515
16	0	13	457
16	0	1	1270
16	0	13	673
16	0	3	2808
16	0	1	1318
16	0	13	1066
16	0	1	1782
16	0	3	2776
16	0	6	1203
16	0	13	648
16	0	1	2101
16	0	1	316
16	0	1	1702
16	0	13	2674
16	0	3	2327
16	0	3	2382
16	0	3	370
16	0	4	1425
16	0	3	2556
16	0	19	2739
16	0	4	191
16	0	1	2629
16	0	1	339
16	0	19	1378
16	0	13	475
16	0	1	2093
16	0	1	2611
16	0	3	591
16	0	3	995
16	0	19	723
16	0	4	2014
16	0	3	2430
16	0	4	769
16	0	1	1594
16	0	13	1542
16	0	1	2119
16	0	1	703
16	0	13	2679
16	0	17	720
16	0	1	199
16	0	1	695
16	0	1	1765
16	0	13	1056
16	0	19	1309
16	0	13	1512
16	0	13	477
16	0	8	1153
16	0	1	1613
16	0	1	1406
16	0	13	2906
16	0	1	1563
16	0	14	1107
16	0	1	1538
16	0	13	2898
16	0	13	2292
16	0	3	2434
16	0	1	2107
16	0	1	1362
16	0	13	1905
16	0	4	1880
16	0	3	1951
16	0	3	2346
16	0	13	1463
16	0	12	642
16	0	19	1391
16	0	13	2876
16	0	12	2929
16	0	4	193
16	0	3	419
16	0	1	22
16	0	1	792
16	0	1	1888
16	0	13	1081
16	0	3	2588
16	0	1	2619
16	0	1	285
16	0	3	1661
16	0	3	2348
16	0	19	705
16	0	13	674
16	0	3	2478
16	0	3	2389
16	0	7	1192
16	0	13	2709
16	0	13	1292
16	0	1	233
16	0	1	1727
16	0	4	171
16	0	1	110
16	0	1	334
16	0	13	359
16	0	3	507
16	0	13	1398
16	0	17	2341
16	0	1	1734
16	0	13	1511
16	0	1	2084
16	0	11	2823
16	0	1	1262
16	0	13	478
16	0	3	2323
16	0	1	1762
16	0	1	1275
16	0	4	257
16	0	14	1102
16	0	12	2930
16	0	8	1146
16	0	4	859
16	0	3	446
16	0	3	2324
16	0	12	641
16	0	19	725
16	0	1	2112
16	0	13	377
16	0	4	1993
16	0	1	2763
16	0	3	2784
16	0	13	1433
16	0	4	1837
16	0	3	1468
16	0	1	307
16	0	19	547
16	0	1	1904
16	0	3	2524
16	0	1	2083
16	0	13	1291
16	0	17	1975
16	0	3	2594
16	0	12	2935
16	0	19	1386
16	0	19	1283
16	0	13	660
16	0	13	138
16	0	1	1375
16	0	13	291
16	0	1	2266
16	0	4	1871
16	0	12	2919
16	0	4	778
16	0	3	2345
16	0	1	1742
16	0	4	1716
16	0	13	2606
16	0	19	2169
16	0	4	1001
16	0	4	1999
16	0	1	94
16	0	1	1421
16	0	3	2301
16	0	1	1617
16	0	19	1578
16	0	3	2423
16	0	19	1492
16	0	3	586
16	0	1	683
16	0	3	2227
16	0	1	76
16	0	3	601
16	0	3	1639
16	0	4	842
16	0	13	113
16	0	1	1697
16	0	1	1333
16	0	13	662
16	0	3	2569
16	0	4	770
16	0	13	2605
16	0	19	2166
16	0	19	2078
16	0	4	2002
16	0	3	2397
16	0	1	1254
16	0	4	1035
16	0	1	1597
16	0	4	1917
16	0	13	495
16	0	17	832
16	0	3	2528
16	0	9	611
16	0	4	1712
16	0	19	2076
16	0	17	2343
16	0	1	2087
16	0	3	2519
16	0	10	621
16	0	12	2277
16	0	3	2450
16	0	1	1336
16	0	1	1271
16	0	13	1072
16	0	4	178
16	0	13	2676
16	0	3	2307
16	0	8	1152
16	0	13	379
16	0	1	1796
16	0	7	1171
16	0	13	1588
16	0	3	1453
16	0	4	2237
16	0	1	560
16	0	12	2909
16	0	3	2507
16	0	17	2838
16	0	3	407
16	0	3	2446
16	0	1	2147
16	0	1	697
16	0	4	1000
16	0	3	502
16	0	19	2071
16	0	13	382
16	0	1	1493
16	0	13	2711
16	0	1	204
16	0	1	80
16	0	1	2098
16	0	13	137
16	0	19	2756
16	0	3	2325
16	0	3	2314
16	0	4	187
16	0	5	1097
16	0	1	84
16	0	4	955
16	0	3	2480
16	0	0	632
16	0	4	1856
16	0	1	1364
16	0	13	2125
16	0	1	5
16	0	17	2829
16	0	3	366
16	0	19	2263
16	0	3	2220
16	0	3	422
16	0	5	1186
16	0	13	1314
16	0	5	1195
16	0	3	2312
16	0	1	332
16	0	19	2077
16	0	4	862
16	0	1	934
16	0	3	2402
16	0	15	1164
16	0	4	1936
16	0	12	2278
16	0	4	2025
16	0	1	282
16	0	19	1308
16	0	1	75
16	0	17	1680
16	0	12	2949
16	0	13	1478
16	0	1	1420
16	0	13	2056
16	0	1	950
16	0	4	1805
16	0	13	659
16	0	4	960
16	0	5	1197
16	0	19	707
16	0	1	797
16	0	4	1997
16	0	1	16
16	0	19	1491
16	0	3	2426
16	0	3	2398
16	0	1	2859
16	0	1	2081
16	0	13	483
16	0	13	1058
16	0	13	716
16	0	4	771
16	0	4	1930
16	0	3	2364
16	0	4	1833
16	0	3	223
16	0	13	1585
16	0	4	975
16	0	3	2516
16	0	12	2655
16	0	1	23
16	0	1	283
16	0	1	686
16	0	1	1591
16	0	1	1416
16	0	1	2206
16	0	17	1970
16	0	13	2048
16	0	1	244
16	0	13	1911
16	0	1	165
16	0	3	2500
16	0	17	1472
16	0	13	2574
16	0	1	1728
16	0	4	1012
16	0	1	1505
16	0	7	1169
16	0	4	1810
16	0	14	1119
16	0	13	2285
16	0	13	1228
16	0	4	186
16	0	3	2562
16	0	4	1018
16	0	5	1179
16	0	4	867
16	0	1	938
16	0	3	423
16	0	4	1964
16	0	1	2727
16	0	13	2962
16	0	3	1646
16	0	13	2866
16	0	1	1786
16	0	12	2951
16	0	19	708
16	0	13	1064
16	0	3	2795
16	0	1	2853
16	0	4	881
16	0	13	491
16	0	19	1305
16	0	1	1483
16	0	3	2486
16	0	19	2262
16	0	1	69
16	0	19	1302
16	0	1	277
16	0	1	26
16	0	13	2602
16	0	4	2031
16	0	1	1321
16	0	17	2826
16	0	1	922
16	0	13	2872
16	0	13	2686
16	0	12	2932
16	0	1	1788
16	0	10	617
16	0	1	112
16	0	3	2414
16	0	3	2794
16	0	4	1006
16	0	3	1455
16	0	3	2544
16	0	3	581
16	0	1	1902
16	0	3	2532
16	0	3	2391
16	0	1	71
16	0	3	2467
16	0	4	1990
16	0	13	729
16	0	1	8
16	0	13	1286
16	0	13	2895
16	0	18	970
16	0	1	1237
16	0	3	1942
16	0	3	438
16	0	1	1732
16	0	1	1773
16	0	3	2495
16	0	1	93
16	0	12	2274
16	0	13	2905
16	0	1	1524
16	0	13	2716
16	0	13	2893
16	0	1	1562
16	0	4	1851
16	0	4	997
16	0	3	2363
16	0	13	646
16	0	3	1665
16	0	1	1756
16	0	3	2489
16	0	3	2542
16	0	3	1450
16	0	4	847
16	0	4	1962
16	0	1	11
16	0	11	2819
16	0	1	1746
16	0	1	318
16	0	3	2232
16	0	13	103
16	0	19	1392
16	0	3	2419
16	0	3	2803
16	0	12	2548
16	0	14	1103
16	0	19	131
16	0	3	2403
16	0	4	1715
16	0	19	40
16	0	5	1098
16	0	3	544
16	0	1	1545
16	0	4	1528
16	0	3	2525
16	0	3	2465
16	0	1	100
16	0	1	122
16	0	1	1497
16	0	13	645
16	0	1	1535
16	0	1	553
16	0	19	1301
16	0	1	952
16	0	13	2290
16	0	1	2729
16	0	1	691
16	0	13	479
16	0	13	2128
16	0	3	2570
16	0	1	326
16	0	19	143
16	0	1	2175
16	0	12	2251
16	0	3	2422
16	0	3	1456
16	0	3	2221
16	0	13	1435
16	0	3	2551
16	0	1	1785
16	0	1	2085
16	0	13	1069
16	0	1	2211
16	0	3	2333
16	0	3	2328
16	0	3	413
16	0	13	373
16	0	13	2695
16	0	3	996
16	0	3	2408
16	0	1	568
16	0	4	1814
16	0	13	2706
16	0	13	2639
16	0	17	2827
16	0	19	2060
16	0	4	777
16	0	5	992
16	0	10	619
16	0	3	2347
16	0	1	1726
16	0	13	678
16	0	1	1405
16	0	1	566
16	0	3	409
16	0	19	2164
16	0	1	2770
16	0	13	1315
16	0	13	1232
16	0	3	2508
16	0	13	672
16	0	4	980
16	0	4	758
16	0	13	2046
16	0	3	2400
16	0	1	893
16	0	3	2471
16	0	14	1112
16	0	4	1998
16	0	1	1496
16	0	1	2749
16	0	1	79
16	0	17	823
16	0	1	1780
16	0	19	727
16	0	1	2150
16	0	3	2293
16	0	1	107
16	0	13	712
16	0	19	2743
16	0	4	1986
16	0	13	1295
16	0	3	2388
16	0	3	2372
16	0	4	2457
16	0	13	656
16	0	3	1437
16	0	4	1432
16	0	3	583
16	0	3	1664
16	0	1	815
16	0	3	595
16	0	19	724
16	0	3	2187
16	0	1	2103
16	0	13	667
16	0	3	2774
16	0	11	2820
16	0	4	1720
16	0	3	2420
16	0	19	142
16	0	3	1637
16	0	1	1025
16	0	12	2663
16	0	3	217
16	0	1	1790
16	0	13	2677
16	0	1	13
16	0	13	2055
16	0	5	1198
16	0	13	669
16	0	9	612
16	0	1	692
16	0	13	2665
16	0	3	436
16	0	1	913
16	0	1	1260
16	0	1	2038
16	0	3	2555
16	0	1	689
16	0	3	521
16	0	17	633
16	0	5	1178
16	0	4	2455
16	0	1	2089
16	0	4	1428
16	0	7	1130
16	0	1	2145
16	0	3	2315
16	0	13	677
16	0	1	856
16	0	3	593
16	0	1	1775
16	0	19	638
16	0	1	2620
16	0	3	208
16	0	1	2136
16	0	3	448
16	0	19	1387
16	0	4	182
16	0	3	441
16	0	7	1094
16	0	19	2757
16	0	13	101
16	0	4	1004
16	0	3	525
16	0	4	537
16	0	1	2966
16	0	3	2534
16	0	1	2267
16	0	1	2141
16	0	4	1815
16	0	13	666
16	0	12	2269
16	0	13	350
16	0	4	2001
16	0	1	1261
16	0	13	1071
16	0	13	1396
16	0	13	375
16	0	19	47
16	0	1	229
16	0	4	956
16	0	13	1458
16	0	1	2245
16	0	1	752
16	0	4	1982
16	0	3	2320
16	0	3	1440
16	0	4	1934
16	0	1	1423
16	0	12	2927
16	0	4	1532
16	0	4	1714
16	0	1	1370
16	0	3	2590
16	0	4	1983
16	0	1	806
16	0	13	2067
16	0	1	1276
16	0	12	2659
16	0	1	2854
16	0	3	2326
16	0	1	1743
16	0	4	1005
16	0	1	74
16	0	13	671
16	0	4	255
16	0	19	2735
16	0	13	2669
16	0	1	1620
16	0	1	2052
16	0	1	1045
16	0	4	169
16	0	1	313
16	0	4	1846
16	0	3	2782
16	0	17	2813
16	0	1	2196
16	0	3	2322
16	0	13	1479
16	0	1	70
16	0	1	276
16	0	17	2834
16	0	12	2276
16	0	3	505
16	0	13	1070
16	0	13	649
16	0	4	1916
16	0	1	6
16	0	17	1676
16	0	10	623
16	0	1	2179
16	0	1	916
16	0	1	344
16	0	13	348
16	0	7	1096
16	0	3	2306
16	0	1	795
16	0	1	1373
16	0	3	2337
16	0	4	1877
16	0	2	2973
16	0	1	1731
16	0	3	541
16	0	19	2070
16	0	13	2638
16	0	13	396
16	0	3	2589
16	0	1	1518
16	0	13	2746
16	0	5	1086
16	0	13	1910
16	0	1	1027
16	0	4	961
16	0	13	458
16	0	13	1393
16	0	13	2885
16	0	13	1082
16	0	13	2139
16	0	3	1943
16	0	3	2514
16	0	13	2883
16	0	3	205
16	0	13	52
16	0	3	503
16	0	3	2497
16	0	1	1865
16	0	19	1282
16	0	4	1892
16	0	19	1298
16	0	12	2249
16	0	13	1227
16	0	3	1631
16	0	1	120
16	0	19	1568
16	0	12	2928
16	0	19	129
16	0	3	2361
16	0	13	357
16	0	12	2917
16	0	1	1758
16	0	1	106
16	0	3	2579
16	0	1	1899
16	0	1	1553
16	0	12	2910
16	0	4	2459
16	0	1	1350
16	0	17	2839
16	0	4	1870
16	0	3	2217
16	0	3	2479
16	0	13	102
16	0	4	1985
16	0	3	2431
16	0	1	2111
16	0	4	1921
16	0	3	500
16	0	13	134
16	0	4	872
16	0	3	2378
16	0	19	1565
16	0	1	2106
16	0	1	91
16	0	1	1507
16	0	13	466
16	0	3	2229
16	0	1	839
16	0	1	943
16	0	3	2332
16	0	7	1127
16	0	13	2603
16	0	3	2470
16	0	3	2476
16	0	3	2526
16	0	1	2968
16	0	3	993
16	0	4	2028
16	0	3	2494
16	0	1	1521
16	0	12	2913
16	0	1	2180
16	0	1	2042
16	0	13	2719
16	0	8	1156
16	0	17	1669
16	0	1	82
16	0	13	2959
16	0	1	2177
16	0	13	1444
16	0	13	1051
16	0	13	2643
16	0	3	2466
16	0	3	1666
16	0	13	1691
16	0	14	1115
16	0	4	2012
16	0	13	2691
16	0	4	540
16	0	13	2908
16	0	19	159
16	0	3	2812
16	0	19	2257
16	0	4	539
16	0	13	1053
16	0	4	1530
16	0	13	1683
16	0	1	2635
16	0	13	471
16	0	4	1869
16	0	1	2851
16	0	1	1882
16	0	1	240
16	0	3	1842
16	0	1	2965
16	0	13	2888
16	0	4	1834
16	0	3	2411
16	0	13	1581
16	0	14	1109
16	0	12	2922
16	0	3	543
16	0	13	53
16	0	1	1240
16	0	3	2529
16	0	1	2750
16	0	4	1473
16	0	3	1634
16	0	1	88
16	0	4	1958
16	0	1	10
16	0	12	2950
16	0	1	1783
16	0	1	270
16	0	19	2069
16	0	1	231
16	0	1	2202
16	0	1	2091
16	0	1	92
16	0	13	460
16	0	1	20
16	0	4	873
16	0	13	2667
16	0	4	779
16	0	1	817
16	0	1	688
16	0	1	694
16	0	1	1693
16	0	1	230
16	0	14	1117
16	0	1	2761
16	0	19	2733
16	0	1	576
16	0	1	2768
16	0	1	701
16	0	3	2224
16	0	1	1601
16	0	5	1196
16	0	3	1655
16	0	4	865
16	0	4	2027
16	0	13	2745
16	0	3	2568
16	0	11	2817
16	0	3	2236
16	0	3	2536
16	0	13	374
16	0	13	2682
16	0	13	64
16	0	4	979
16	0	4	1723
16	0	12	2940
16	0	3	2796
16	0	3	2527
16	0	1	21
16	0	1	1251
16	0	13	1399
16	0	1	2850
16	0	1	807
16	0	4	1957
16	0	13	1583
16	0	1	2845
16	0	1	2860
16	0	19	2758
16	0	3	2490
16	0	1	906
16	0	1	2135
16	0	4	2015
16	0	4	973
16	0	14	1114
16	0	3	447
16	0	3	2780
16	0	3	498
16	0	3	2413
16	0	19	146
16	0	3	2365
16	0	12	1218
16	0	1	2610
16	0	4	1711
16	0	3	1641
16	0	3	590
16	0	1	17
16	0	3	509
16	0	4	1016
16	0	5	1199
16	0	19	354
16	0	1	2205
16	0	4	1008
16	0	1	1729
16	0	13	1062
16	0	3	528
16	0	1	1536
16	0	1	744
16	0	3	2781
16	0	1	798
16	0	1	550
16	0	3	2317
16	0	12	2912
16	0	17	717
16	0	3	2218
16	0	12	643
16	0	3	2445
16	0	3	598
16	0	1	1267
16	0	3	2598
16	0	1	2151
16	0	13	1909
16	0	1	97
16	0	1	1590
16	0	13	1083
16	0	1	304
16	0	3	2451
16	0	17	1678
16	0	13	2869
16	0	1	789
16	0	9	1210
16	0	4	962
16	0	8	1148
16	0	4	258
16	0	13	115
16	0	13	1464
16	0	4	2458
16	0	13	473
16	0	1	1539
16	0	3	363
16	0	12	627
16	0	4	763
16	0	4	1013
16	0	1	1513
16	0	1	554
16	0	1	840
16	0	1	1696
16	0	4	1938
16	0	3	410
16	0	4	954
16	0	13	2954
16	0	17	2831
16	0	3	1454
16	0	1	682
16	0	3	2441
16	0	1	1522
16	0	3	2296
16	0	13	2054
16	0	4	1808
16	0	1	1551
16	0	19	154
16	0	3	2401
16	0	1	127
16	0	19	147
16	0	19	65
16	0	4	1824
16	0	3	2185
16	0	19	2080
16	0	1	19
16	0	13	1067
16	0	7	1123
16	0	13	734
16	0	4	1926
16	0	19	1385
16	0	4	1011
16	0	17	1967
16	0	1	272
16	0	4	1687
16	0	5	1089
16	0	17	827
16	0	3	1624
16	0	1	555
16	0	4	245
16	0	4	1426
16	0	13	2053
16	0	13	135
16	0	1	2176
16	0	4	2018
16	0	1	899
16	0	3	1659
16	0	3	2810
16	0	15	1163
16	0	19	1579
16	0	1	1422
16	0	13	2717
16	0	4	1919
16	0	13	2702
16	0	17	1677
16	0	19	2072
16	0	1	944
16	0	13	2713
16	0	10	622
16	0	3	2331
16	0	3	2585
16	0	4	1014
16	0	1	1791
16	0	3	2416
16	0	7	1129
16	0	1	567
16	0	12	626
16	0	1	946
16	0	1	1784
16	0	8	1144
16	0	1	1245
16	0	13	2282
16	0	19	149
16	0	3	2474
16	0	13	1368
16	0	1	1401
16	0	1	2247
16	0	17	1972
16	0	4	849
16	0	3	2472
16	0	1	837
16	0	4	878
16	0	13	738
16	0	1	838
16	0	3	2510
16	0	1	300
16	0	3	1080
16	0	4	1932
16	0	4	999
16	0	3	418
16	0	13	2646
16	0	1	1589
16	0	8	1159
16	0	12	2920
16	0	13	387
16	0	3	2595
16	0	3	2393
16	0	3	585
16	0	1	2242
16	0	4	1994
16	0	3	2316
16	0	13	1063
16	0	13	114
16	0	11	1213
16	0	19	2170
16	0	13	736
16	0	13	2700
16	0	1	1819
16	0	13	2200
16	0	4	851
16	0	3	2786
16	0	19	38
16	0	3	1439
16	0	13	2064
16	0	9	609
16	0	1	2043
16	0	19	1569
16	0	1	808
16	0	13	395
16	0	13	1689
16	0	1	1341
16	0	3	2233
16	0	0	630
16	0	1	2115
16	0	10	624
16	0	4	1879
16	0	3	2425
16	0	1	905
16	0	4	1840
16	0	1	1559
16	0	4	189
16	0	3	2492
16	0	1	2203
16	0	1	565
16	0	1	109
16	0	1	819
16	0	17	2835
16	0	4	846
16	0	13	2047
16	0	1	818
16	0	4	1845
16	0	1	1701
16	0	13	2283
16	0	1	2082
16	0	1	2209
16	0	3	2428
16	0	4	174
16	0	19	2073
16	0	1	1243
16	0	5	1087
16	0	4	1935
16	0	1	1540
16	0	3	1956
16	0	19	31
16	0	1	73
16	0	1	551
16	0	1	1417
16	0	3	2505
16	0	9	1206
16	0	19	46
16	0	4	2453
16	0	1	87
16	0	1	2861
16	0	3	2537
16	0	1	1495
16	0	12	2352
16	0	4	844
16	0	1	1767
16	0	1	932
16	0	1	2195
16	0	3	1841
16	0	3	520
16	0	1	83
16	0	1	2724
16	0	1	14
16	0	1	1371
16	0	3	2452
16	0	4	1959
16	0	3	2596
16	0	3	2407
16	0	3	588
16	0	1	1255
16	0	4	1475
16	0	11	2822
16	0	13	2678
16	0	13	494
16	0	3	214
16	0	4	1021
16	0	1	86
16	0	3	1941
16	0	1	315
16	0	3	2566
16	0	1	2726
16	0	7	1190
16	0	13	2879
16	0	5	1092
16	0	1	1552
16	0	4	1628
16	0	1	2627
16	0	3	2338
16	0	1	243
16	0	1	2146
16	0	17	2650
16	0	7	1135
16	0	3	212
16	0	1	1827
16	0	18	971
16	0	4	1009
16	0	3	2531
16	0	1	1708
16	0	1	1614
16	0	4	1852
16	0	3	2222
16	0	19	37
16	0	3	2484
16	0	13	1293
16	0	4	841
16	0	13	2901
